1000 1000 200 87.7
987 240
623 609
194 654
426 489
267 634
888 919
793 713
812 355
930 194
580 304
544 963
332 254
962 274
391 386
324 669
534 432
611 874
118 325
719 698
652 919
995 288
790 738
51 496
337 470
873 948
57 778
765 819
328 90
319 388
537 964
19 199
474 771
772 919
746 407
45 589
37 317
822 404
879 163
399 803
332 985
941 998
634 300
60 570
850 419
261 476
260 798
219 488
376 642
888 407
369 731
47 900
941 861
50 676
833 30
384 296
974 951
472 81
100 431
323 901
609 61
615 292
738 554
607 313
804 102
899 958
329 368
402 10
141 914
714 769
574 349
62 785
58 9
220 764
713 416
738 482
767 806
333 997
897 745
135 794
960 518
203 736
929 153
443 878
961 702
890 226
920 827
478 533
684 900
113 820
104 899
40 781
326 205
502 108
290 421
36 452
614 860
470 495
96 778
427 315
961 182
481 422
543 960
58 115
128 837
883 564
920 214
228 970
954 272
297 410
690 374
793 140
910 524
916 770
388 237
224 771
920 381
494 268
151 109
864 779
839 774
316 618
736 690
805 270
572 229
342 954
982 330
37 759
698 293
178 347
36 766
477 126
232 225
557 5
728 895
296 860
446 118
316 248
320 625
753 719
374 374
381 714
917 820
349 407
161 515
938 90
547 690
371 275
530 103
938 238
640 504
479 460
961 548
640 501
880 17
667 101
399 140
251 584
681 70
536 90
558 98
489 538
544 290
241 792
807 102
830 344
196 134
324 354
952 727
277 489
169 118
608 357
488 349
333 767
27 651
31 726
850 526
757 462
818 941
994 783
537 834
735 937
32 354
678 720
720 540
733 544
624 605
315 45
553 841
342 185
726 182
98 979
602 236
488 323
541 726
782 820
486 519
224 580
382 195
481 172
208 883
