0 142
1 168
2 202
3 237
4 240
5 241
6 294
7 299
8 311
9 321
10 383
11 391
12 412
13 421
14 433
15 439
16 452
17 462
18 479
19 525
20 546
21 554
22 557
23 567
24 575
25 594
26 685
27 692
28 694
29 695
30 736
31 767
32 768
33 774
34 825
35 825
36 855
37 902
38 964
39 965
40 1008
41 1044
42 1086
43 1117
44 1120
45 1161
46 1182
47 1303
48 1354
49 1361
50 1361
51 1415
52 1584
53 1590
54 1606
55 1622
56 1653
57 1654
58 1724
59 1790
60 1818
61 1862
62 1901
63 1967
64 2039
65 2053
66 2066
67 2079
68 2092
69 2145
70 2147
71 2163
72 2176
73 2212
74 2244
75 2275
76 2326
77 2344
78 2380
79 2402
80 2584
81 2606
82 2614
83 2659
84 2719
85 2722
86 2837
87 2853
88 2858
89 2863
90 2904
91 2904
92 2919
93 2936
94 2938
95 2961
96 2963
97 2981
98 3002
99 3009
100 3014
101 3045
102 3046
103 3100
104 3143
105 3153
106 3165
107 3165
108 3199
109 3223
110 3236
111 3280
112 3326
113 3330
114 3369
115 3369
116 3392
117 3427
118 3456
119 3527
120 3585
121 3608
122 3639
123 3659
124 3725
125 3737
126 3767
127 3798
128 3829
129 3845
130 3854
131 3874
132 3923
133 3959
134 3960
135 3972
136 3976
137 3976
138 3977
139 3979
140 3995
141 4054
142 4065
143 4065
144 4074
145 4093
146 4151
147 4155
148 4245
149 4281
150 4281
151 4308
152 4415
153 4448
154 4465
155 4534
156 4606
157 4641
158 4655
159 4714
160 4716
161 4749
162 4829
163 4844
164 4848
165 4883
166 4886
167 4901
168 4902
169 5044
170 5130
171 5170
172 5192
173 5241
174 5334
175 5396
176 5411
177 5434
178 5464
179 5521
180 5526
181 5536
182 5598
183 5600
184 5658
185 5722
186 5770
187 5794
188 5798
189 5914
190 6172
191 6328
192 6333
193 6453
194 6469
195 6509
196 6583
197 6690
198 6986
199 7041
