W: 1000, H: 1000, soSS: 200, bk: 87.7
soPP: 20, soMSink: 3
PSO: 
Khoi tao: 
511.0 296.0 364.0 407.0 906.0 196.0 512.0 158.0 726.0 496.0 788.0 181.0 626.0 288.0 930.0 476.0 668.0 8.0 479.0 458.0 98.0 574.0 218.0 154.0 903.0 673.0 687.0 453.0 86.0 179.0 456.0 710.0 277.0 537.0 509.0 741.0 764.0 133.0 587.0 602.0 
Trung: 14.0  Bao phu: 89.0  MaxSS: 200
Gbest: 
216.0 230.0 422.0 893.0 189.0 382.0 348.0 859.0 92.0 69.0 699.0 657.0 549.0 774.0 281.0 30.0 613.0 173.0 231.0 669.0 599.0 415.0 895.0 831.0 990.0 926.0 423.0 96.0 403.0 514.0 767.0 180.0 845.0 21.0 183.0 12.0 49.0 724.0 973.0 589.0 
Trung: 1  Bao phu: 65  MaxSS: 200
Tong NL: 0.0010789418860699988
Life round: 60.0

GA: 
Khoitao: 
Sequences: 2,8,12,11,4,3,18,1,15,9,10,0,5,13,14,6,16,17,7,19, Break points: 17,18,
Best: 
Sequences: 18,17,4,0,7,13,9,3,10,6,1,2,14,15,16,11,19,5,12,8, Break points: 8,14,Best: 3370.320460157852
Tre: 674.0640920315703

==================================================================================================================================================================================================================================================================================================================================================================================

W: 1000, H: 1000, soSS: 200, bk: 87.7
soPP: 20, soMSink: 3
PSO: 
Khoi tao: 
2.0 727.0 394.0 264.0 714.0 516.0 536.0 518.0 267.0 579.0 395.0 266.0 836.0 356.0 191.0 182.0 188.0 462.0 204.0 410.0 497.0 24.0 827.0 710.0 673.0 934.0 595.0 699.0 498.0 477.0 693.0 362.0 32.0 489.0 122.0 351.0 374.0 147.0 759.0 928.0 
Trung: 19.0  Bao phu: 87.0  MaxSS: 200
Gbest: 
248.0 204.0 154.0 360.0 230.0 562.0 196.0 781.0 432.0 164.0 424.0 403.0 432.0 618.0 357.0 811.0 589.0 202.0 604.0 412.0 632.0 644.0 616.0 802.0 840.0 156.0 788.0 413.0 783.0 582.0 820.0 801.0 865.0 931.0 84.0 49.0 815.0 611.0 974.0 391.0 
Trung: 0  Bao phu: 80  MaxSS: 200
Tong NL: 6.874264174059998E-4
Life round: 114.0

GA: 
Khoitao: 
Sequences: 4,0,2,15,12,18,6,17,9,8,10,5,7,13,14,11,16,1,3,19, Break points: 11,14,
Best: 
Sequences: 10,13,12,9,19,5,6,4,8,0,17,1,3,11,16,15,18,14,2,7, Break points: 6,12,Best: 2226.6916737365264
Tre: 502.1770068525558

==================================================================================================================================================================================================================================================================================================================================================================================

W: 1000, H: 1000, soSS: 200, bk: 87.7
soPP: 20, soMSink: 3
PSO: 
Khoi tao: 
286.0 492.0 474.0 613.0 2.0 149.0 290.0 651.0 616.0 515.0 373.0 172.0 51.0 8.0 832.0 427.0 8.0 234.0 908.0 897.0 397.0 70.0 983.0 875.0 831.0 391.0 994.0 535.0 174.0 693.0 137.0 474.0 138.0 808.0 121.0 372.0 257.0 30.0 77.0 898.0 
Trung: 16.0  Bao phu: 63.0  MaxSS: 200
Gbest: 
180.0 235.0 204.0 398.0 228.0 575.0 208.0 793.0 373.0 185.0 401.0 377.0 407.0 592.0 350.0 797.0 642.0 222.0 610.0 363.0 648.0 644.0 561.0 848.0 800.0 170.0 780.0 378.0 763.0 571.0 823.0 808.0 237.0 961.0 921.0 133.0 768.0 976.0 476.0 84.0 
Trung: 3  Bao phu: 87  MaxSS: 200
Tong NL: 7.555644747500001E-4
Life round: 63.0

GA: 
Khoitao: 
Sequences: 0,10,2,3,8,1,15,7,5,18,6,4,12,9,13,14,11,17,16,19, Break points: 3,16,
Best: 
Sequences: 1,2,11,7,16,3,0,5,4,19,10,14,18,6,9,8,13,17,12,15, Break points: 7,13,Best: 2215.4492008902726
Tre: 511.49598011249134

==================================================================================================================================================================================================================================================================================================================================================================================

W: 1000, H: 1000, soSS: 200, bk: 87.7
soPP: 20, soMSink: 3
PSO: 
Khoi tao: 
849.0 674.0 153.0 523.0 506.0 790.0 957.0 859.0 731.0 11.0 61.0 10.0 914.0 28.0 325.0 499.0 283.0 892.0 833.0 448.0 691.0 267.0 672.0 960.0 297.0 83.0 316.0 874.0 71.0 217.0 926.0 840.0 73.0 150.0 899.0 442.0 777.0 923.0 873.0 524.0 
Trung: 14.0  Bao phu: 51.0  MaxSS: 200
Gbest: 
429.0 965.0 514.0 63.0 228.0 560.0 423.0 691.0 595.0 423.0 995.0 354.0 867.0 944.0 9.0 438.0 792.0 759.0 573.0 735.0 547.0 207.0 694.0 682.0 47.0 781.0 544.0 602.0 440.0 812.0 961.0 101.0 181.0 247.0 339.0 388.0 645.0 888.0 118.0 49.0 
Trung: 1  Bao phu: 86  MaxSS: 200
Tong NL: 8.545369123319999E-4
Life round: 115.0

GA: 
Khoitao: 
Sequences: 7,11,2,18,8,5,6,3,1,9,10,0,12,14,19,15,16,17,4,13, Break points: 14,16,
Best: 
Sequences: 9,5,15,10,1,19,2,7,4,11,6,18,8,14,13,3,12,0,17,16, Break points: 6,13,Best: 2704.7073571553874
Tre: 592.4905188060932

==================================================================================================================================================================================================================================================================================================================================================================================

W: 1000, H: 1000, soSS: 200, bk: 87.7
soPP: 20, soMSink: 3
PSO: 
Khoi tao: 
713.0 312.0 428.0 137.0 486.0 594.0 864.0 703.0 143.0 702.0 417.0 202.0 141.0 64.0 886.0 11.0 540.0 667.0 868.0 491.0 575.0 744.0 898.0 23.0 383.0 316.0 402.0 882.0 429.0 134.0 897.0 857.0 186.0 832.0 308.0 192.0 338.0 94.0 765.0 362.0 
Trung: 17.0  Bao phu: 68.0  MaxSS: 200
Gbest: 
971.0 596.0 207.0 270.0 340.0 313.0 519.0 735.0 472.0 448.0 129.0 869.0 276.0 513.0 896.0 928.0 708.0 53.0 788.0 207.0 775.0 623.0 632.0 794.0 78.0 694.0 698.0 179.0 627.0 166.0 907.0 69.0 7.0 349.0 966.0 668.0 353.0 752.0 810.0 463.0 
Trung: 2  Bao phu: 81  MaxSS: 200
Tong NL: 0.0010928475107389996
Life round: 33.0

GA: 
Khoitao: 
Sequences: 11,10,16,3,4,15,19,2,8,9,7,0,12,13,17,14,1,5,6,18, Break points: 18,19,
Best: 
Sequences: 7,6,16,1,2,14,8,3,18,5,12,4,13,9,0,11,10,15,17,19, Break points: 6,13,Best: 2772.39672784877
Tre: 616.2705059618888

==================================================================================================================================================================================================================================================================================================================================================================================

W: 1000, H: 1000, soSS: 200, bk: 87.7
soPP: 20, soMSink: 3
PSO: 
Khoi tao: 
380.0 463.0 553.0 942.0 761.0 608.0 725.0 424.0 561.0 504.0 702.0 484.0 275.0 114.0 767.0 847.0 180.0 817.0 109.0 679.0 957.0 660.0 763.0 550.0 546.0 412.0 243.0 332.0 61.0 979.0 59.0 40.0 992.0 303.0 631.0 123.0 195.0 190.0 992.0 546.0 
Trung: 10.0  Bao phu: 68.0  MaxSS: 200
Gbest: 
154.0 206.0 201.0 364.0 223.0 604.0 217.0 750.0 364.0 240.0 354.0 414.0 350.0 575.0 363.0 833.0 633.0 157.0 558.0 399.0 569.0 571.0 566.0 788.0 819.0 155.0 764.0 387.0 806.0 637.0 826.0 809.0 74.0 343.0 953.0 667.0 17.0 936.0 431.0 521.0 
Trung: 1  Bao phu: 79  MaxSS: 200
Tong NL: 8.791017667419995E-4
Life round: 92.0

GA: 
Khoitao: 
Sequences: 16,1,4,19,13,5,12,11,3,2,10,0,7,17,14,15,9,6,18,8, Break points: 2,7,
Best: 
Sequences: 16,4,12,8,13,1,0,5,2,3,18,11,19,6,10,7,9,14,15,17, Break points: 5,13,Best: 2345.488922317423
Tre: 539.0977844634847

==================================================================================================================================================================================================================================================================================================================================================================================

W: 1000, H: 1000, soSS: 200, bk: 87.7
soPP: 20, soMSink: 3
PSO: 
Khoi tao: 
916.0 630.0 223.0 448.0 748.0 280.0 600.0 410.0 696.0 214.0 441.0 868.0 742.0 206.0 445.0 670.0 365.0 23.0 22.0 741.0 778.0 706.0 461.0 652.0 388.0 819.0 887.0 411.0 335.0 679.0 789.0 278.0 195.0 611.0 565.0 754.0 231.0 867.0 986.0 435.0 
Trung: 9.0  Bao phu: 57.0  MaxSS: 200
Gbest: 
261.0 480.0 803.0 49.0 962.0 224.0 461.0 361.0 93.0 211.0 996.0 689.0 298.0 557.0 331.0 104.0 856.0 845.0 257.0 788.0 15.0 526.0 662.0 90.0 962.0 594.0 248.0 63.0 709.0 191.0 104.0 782.0 615.0 538.0 175.0 99.0 879.0 386.0 9.0 674.0 
Trung: 3  Bao phu: 88  MaxSS: 200
Tong NL: 0.0015385868304059998
Life round: 22.0

GA: 
Khoitao: 
Sequences: 13,18,2,3,19,5,4,7,10,9,12,11,1,6,14,15,16,8,0,17, Break points: 5,7,
Best: 
Sequences: 3,16,5,6,0,4,17,7,13,10,19,15,9,18,1,2,12,8,14,11, Break points: 7,13,Best: 2412.8741056145245
Tre: 552.574821122905

==================================================================================================================================================================================================================================================================================================================================================================================

W: 1000, H: 1000, soSS: 200, bk: 87.7
soPP: 20, soMSink: 3
PSO: 
Khoi tao: 
886.0 761.0 146.0 929.0 965.0 855.0 679.0 242.0 640.0 214.0 123.0 565.0 94.0 637.0 359.0 737.0 565.0 779.0 309.0 51.0 924.0 569.0 370.0 864.0 826.0 229.0 489.0 605.0 630.0 113.0 429.0 461.0 857.0 990.0 257.0 654.0 688.0 354.0 452.0 954.0 
Trung: 13.0  Bao phu: 73.0  MaxSS: 200
Gbest: 
211.0 220.0 163.0 437.0 248.0 591.0 179.0 830.0 418.0 237.0 357.0 447.0 439.0 584.0 421.0 791.0 626.0 242.0 623.0 430.0 592.0 580.0 564.0 750.0 829.0 224.0 827.0 437.0 765.0 623.0 757.0 794.0 906.0 869.0 328.0 990.0 29.0 758.0 508.0 959.0 
Trung: 0  Bao phu: 95  MaxSS: 200
Tong NL: 7.748182710039998E-4
Life round: 59.0

GA: 
Khoitao: 
Sequences: 19,2,7,18,4,5,6,14,9,0,10,11,1,3,17,15,16,8,13,12, Break points: 2,7,
Best: 
Sequences: 4,0,8,1,18,3,2,9,13,12,7,5,6,10,14,17,19,11,16,15, Break points: 6,12,Best: 2281.363619737427
Tre: 522.2017511120767

==================================================================================================================================================================================================================================================================================================================================================================================

W: 1000, H: 1000, soSS: 200, bk: 87.7
soPP: 20, soMSink: 3
PSO: 
Khoi tao: 
27.0 99.0 842.0 570.0 311.0 886.0 837.0 895.0 694.0 793.0 844.0 420.0 755.0 597.0 84.0 99.0 855.0 889.0 179.0 724.0 178.0 260.0 76.0 724.0 812.0 625.0 948.0 385.0 92.0 301.0 127.0 898.0 883.0 857.0 565.0 499.0 604.0 921.0 665.0 504.0 
Trung: 10.0  Bao phu: 70.0  MaxSS: 200
Gbest: 
232.0 153.0 229.0 357.0 158.0 646.0 211.0 821.0 362.0 158.0 357.0 413.0 398.0 562.0 410.0 772.0 565.0 235.0 557.0 393.0 602.0 550.0 614.0 785.0 786.0 157.0 793.0 388.0 767.0 628.0 788.0 817.0 279.0 619.0 18.0 435.0 944.0 283.0 851.0 635.0 
Trung: 1  Bao phu: 92  MaxSS: 200
Tong NL: 8.397086333050004E-4
Life round: 86.0

GA: 
Khoitao: 
Sequences: 17,13,6,18,4,5,7,2,3,9,10,1,12,15,8,0,11,16,14,19, Break points: 17,18,
Best: 
Sequences: 0,4,12,18,14,13,8,1,9,2,16,3,11,10,5,17,6,7,15,19, Break points: 7,14,Best: 2221.4088897425136
Tre: 509.9725240335645

==================================================================================================================================================================================================================================================================================================================================================================================

W: 1000, H: 1000, soSS: 200, bk: 87.7
soPP: 20, soMSink: 3
PSO: 
Khoi tao: 
222.0 635.0 252.0 973.0 509.0 324.0 808.0 660.0 980.0 759.0 165.0 9.0 332.0 369.0 326.0 393.0 618.0 448.0 463.0 281.0 111.0 411.0 620.0 17.0 293.0 384.0 891.0 170.0 514.0 923.0 506.0 963.0 960.0 355.0 368.0 874.0 615.0 269.0 10.0 439.0 
Trung: 19.0  Bao phu: 71.0  MaxSS: 200
Gbest: 
226.0 243.0 176.0 386.0 173.0 571.0 196.0 785.0 378.0 172.0 362.0 374.0 384.0 590.0 369.0 820.0 647.0 195.0 609.0 371.0 638.0 573.0 562.0 756.0 786.0 174.0 790.0 413.0 810.0 616.0 751.0 788.0 990.0 86.0 685.0 130.0 843.0 923.0 486.0 927.0 
Trung: 1  Bao phu: 83  MaxSS: 200
Tong NL: 8.765079048960006E-4
Life round: 39.0

GA: 
Khoitao: 
Sequences: 9,8,11,3,1,2,6,16,12,0,10,7,18,13,14,15,4,17,5,19, Break points: 15,17,
Best: 
Sequences: 7,3,6,9,4,5,11,2,1,0,12,17,8,13,14,15,18,19,10,16, Break points: 6,14,Best: 2266.4466031878737
Tre: 513.2893206375747

==================================================================================================================================================================================================================================================================================================================================================================================

W: 1000, H: 1000, soSS: 200, bk: 87.7
soPP: 20, soMSink: 3
PSO: 
Khoi tao: 
470.0 188.0 770.0 349.0 61.0 904.0 320.0 415.0 103.0 913.0 361.0 361.0 781.0 42.0 93.0 137.0 450.0 986.0 876.0 49.0 838.0 771.0 526.0 213.0 172.0 34.0 77.0 279.0 125.0 774.0 396.0 190.0 629.0 542.0 654.0 482.0 552.0 480.0 406.0 978.0 
Trung: 22.0  Bao phu: 78.0  MaxSS: 200
Gbest: 
218.0 246.0 158.0 399.0 223.0 621.0 158.0 830.0 376.0 172.0 390.0 400.0 438.0 631.0 365.0 843.0 595.0 209.0 595.0 399.0 637.0 640.0 567.0 762.0 766.0 215.0 809.0 370.0 826.0 624.0 830.0 790.0 996.0 559.0 754.0 988.0 347.0 42.0 444.0 305.0 
Trung: 0  Bao phu: 77  MaxSS: 200
Tong NL: 9.751940318649999E-4
Life round: 41.0

GA: 
Khoitao: 
Sequences: 14,7,17,8,12,15,6,3,4,9,10,2,1,13,0,19,16,11,18,5, Break points: 14,16,
Best: 
Sequences: 0,1,11,7,3,2,6,4,18,8,5,19,13,12,9,10,15,17,14,16, Break points: 6,12,Best: 2109.166970305522
Tre: 481.83339406110446

==================================================================================================================================================================================================================================================================================================================================================================================

W: 1000, H: 1000, soSS: 200, bk: 87.7
soPP: 20, soMSink: 3
PSO: 
Khoi tao: 
252.0 944.0 487.0 6.0 44.0 586.0 754.0 778.0 128.0 13.0 974.0 566.0 81.0 10.0 530.0 349.0 483.0 433.0 605.0 301.0 64.0 780.0 933.0 988.0 625.0 555.0 105.0 469.0 439.0 2.0 769.0 700.0 610.0 833.0 53.0 864.0 382.0 559.0 237.0 797.0 
Trung: 20.0  Bao phu: 76.0  MaxSS: 200
Gbest: 
182.0 234.0 243.0 354.0 224.0 570.0 216.0 769.0 369.0 215.0 432.0 424.0 370.0 600.0 399.0 782.0 614.0 235.0 611.0 390.0 553.0 601.0 613.0 825.0 815.0 210.0 820.0 366.0 827.0 557.0 804.0 798.0 713.0 926.0 48.0 210.0 19.0 947.0 730.0 562.0 
Trung: 1  Bao phu: 89  MaxSS: 200
Tong NL: 0.0010208038888409995
Life round: 83.0

GA: 
Khoitao: 
Sequences: 4,1,2,0,5,18,11,7,14,9,10,8,12,15,19,16,17,3,13,6, Break points: 1,7,
Best: 
Sequences: 0,17,6,18,3,2,4,1,7,9,14,19,5,8,12,10,15,11,16,13, Break points: 7,13,Best: 2305.8116596834707
Tre: 520.351910044704

==================================================================================================================================================================================================================================================================================================================================================================================

W: 1000, H: 1000, soSS: 200, bk: 87.7
soPP: 20, soMSink: 3
PSO: 
Khoi tao: 
702.0 728.0 176.0 214.0 126.0 951.0 501.0 658.0 485.0 809.0 366.0 846.0 713.0 992.0 638.0 843.0 843.0 78.0 999.0 491.0 316.0 678.0 348.0 374.0 363.0 735.0 167.0 805.0 960.0 60.0 764.0 265.0 577.0 635.0 626.0 465.0 310.0 296.0 982.0 87.0 
Trung: 12.0  Bao phu: 67.0  MaxSS: 200
Gbest: 
202.0 218.0 178.0 355.0 213.0 554.0 170.0 775.0 449.0 180.0 422.0 393.0 420.0 592.0 366.0 768.0 600.0 158.0 557.0 418.0 564.0 631.0 585.0 786.0 768.0 179.0 814.0 438.0 773.0 603.0 810.0 840.0 898.0 535.0 120.0 972.0 628.0 743.0 997.0 406.0 
Trung: 1  Bao phu: 78  MaxSS: 200
Tong NL: 8.603488006729999E-4
Life round: 66.0

GA: 
Khoitao: 
Sequences: 14,1,15,3,4,16,6,7,8,9,2,0,11,19,13,17,5,10,18,12, Break points: 5,15,
Best: 
Sequences: 0,5,9,7,17,3,2,1,10,15,11,18,6,4,8,12,19,13,16,14, Break points: 5,12,Best: 2083.5698735820233
Tre: 466.71397471640466

==================================================================================================================================================================================================================================================================================================================================================================================

W: 1000, H: 1000, soSS: 200, bk: 87.7
soPP: 20, soMSink: 3
PSO: 
Khoi tao: 
195.0 727.0 817.0 100.0 708.0 552.0 886.0 281.0 752.0 801.0 404.0 213.0 872.0 567.0 843.0 342.0 743.0 729.0 542.0 534.0 75.0 96.0 65.0 50.0 115.0 150.0 937.0 715.0 957.0 207.0 945.0 453.0 102.0 445.0 612.0 397.0 65.0 982.0 531.0 204.0 
Trung: 17.0  Bao phu: 81.0  MaxSS: 200
Gbest: 
75.0 342.0 938.0 108.0 305.0 628.0 844.0 942.0 212.0 36.0 547.0 113.0 237.0 224.0 639.0 799.0 653.0 434.0 690.0 978.0 347.0 803.0 773.0 796.0 147.0 598.0 793.0 296.0 117.0 910.0 990.0 954.0 440.0 14.0 544.0 380.0 39.0 192.0 20.0 593.0 
Trung: 2  Bao phu: 76  MaxSS: 200
Tong NL: 0.0011114090419109992
Life round: 32.0

GA: 
Khoitao: 
Sequences: 6,1,15,4,12,16,17,7,5,9,10,11,0,14,8,13,3,2,18,19, Break points: 15,16,
Best: 
Sequences: 17,1,13,7,8,2,5,16,4,0,18,6,10,9,11,3,15,14,12,19, Break points: 5,12,Best: 2597.2068305714997
Tre: 599.4413661143

==================================================================================================================================================================================================================================================================================================================================================================================

W: 1000, H: 1000, soSS: 200, bk: 87.7
soPP: 20, soMSink: 3
PSO: 
Khoi tao: 
390.0 27.0 344.0 320.0 754.0 177.0 656.0 772.0 301.0 270.0 182.0 307.0 809.0 531.0 154.0 977.0 880.0 722.0 395.0 202.0 139.0 304.0 291.0 649.0 456.0 845.0 45.0 133.0 222.0 140.0 61.0 993.0 591.0 673.0 756.0 578.0 535.0 760.0 597.0 408.0 
Trung: 16.0  Bao phu: 65.0  MaxSS: 200
Gbest: 
157.0 237.0 204.0 383.0 206.0 558.0 207.0 791.0 358.0 248.0 356.0 377.0 440.0 646.0 394.0 806.0 620.0 157.0 550.0 411.0 604.0 605.0 613.0 781.0 792.0 248.0 787.0 399.0 771.0 621.0 839.0 833.0 834.0 120.0 940.0 443.0 580.0 727.0 12.0 62.0 
Trung: 1  Bao phu: 78  MaxSS: 200
Tong NL: 8.707256170540002E-4
Life round: 79.0

GA: 
Khoitao: 
Sequences: 16,4,11,14,18,5,1,7,0,9,10,6,15,13,12,2,3,17,8,19, Break points: 5,15,
Best: 
Sequences: 1,13,16,17,15,18,6,5,0,4,19,11,10,9,14,12,8,2,3,7, Break points: 5,11,Best: 2468.03793819389
Tre: 583.607587638778

==================================================================================================================================================================================================================================================================================================================================================================================

W: 1000, H: 1000, soSS: 200, bk: 87.7
soPP: 20, soMSink: 3
PSO: 
Khoi tao: 
566.0 993.0 909.0 276.0 748.0 878.0 565.0 256.0 162.0 68.0 437.0 16.0 772.0 805.0 294.0 795.0 207.0 520.0 273.0 67.0 497.0 554.0 979.0 455.0 143.0 10.0 795.0 113.0 23.0 825.0 445.0 595.0 206.0 465.0 645.0 140.0 787.0 926.0 998.0 887.0 
Trung: 13.0  Bao phu: 71.0  MaxSS: 200
Gbest: 
195.0 186.0 218.0 390.0 181.0 562.0 241.0 765.0 383.0 161.0 438.0 375.0 444.0 643.0 376.0 794.0 588.0 189.0 631.0 411.0 566.0 588.0 601.0 755.0 791.0 202.0 807.0 431.0 823.0 586.0 768.0 826.0 939.0 736.0 545.0 485.0 602.0 475.0 863.0 952.0 
Trung: 1  Bao phu: 79  MaxSS: 200
Tong NL: 0.0010732411904439997
Life round: 62.0

GA: 
Khoitao: 
Sequences: 18,1,2,10,4,19,11,7,0,6,5,8,12,13,14,3,16,15,9,17, Break points: 11,12,
Best: 
Sequences: 2,3,1,11,13,10,17,0,9,8,6,7,18,5,4,12,14,16,15,19, Break points: 6,12,Best: 2292.820407395025
Tre: 538.564081479005

==================================================================================================================================================================================================================================================================================================================================================================================

W: 1000, H: 1000, soSS: 200, bk: 87.7
soPP: 20, soMSink: 3
PSO: 
Khoi tao: 
141.0 663.0 325.0 416.0 825.0 955.0 912.0 795.0 268.0 924.0 48.0 77.0 799.0 120.0 443.0 177.0 575.0 55.0 262.0 914.0 615.0 484.0 46.0 570.0 7.0 332.0 342.0 435.0 367.0 120.0 938.0 322.0 382.0 241.0 749.0 629.0 337.0 489.0 139.0 811.0 
Trung: 19.0  Bao phu: 78.0  MaxSS: 200
Gbest: 
158.0 224.0 190.0 357.0 163.0 558.0 209.0 750.0 445.0 169.0 365.0 444.0 387.0 555.0 412.0 768.0 618.0 200.0 587.0 387.0 560.0 566.0 597.0 791.0 803.0 205.0 812.0 435.0 806.0 569.0 804.0 821.0 931.0 906.0 115.0 571.0 288.0 898.0 115.0 14.0 
Trung: 2  Bao phu: 83  MaxSS: 200
Tong NL: 7.768327720020001E-4
Life round: 114.0

GA: 
Khoitao: 
Sequences: 9,1,18,2,3,10,0,7,8,6,12,11,4,17,14,15,13,16,19,5, Break points: 3,17,
Best: 
Sequences: 7,11,18,2,3,9,8,4,19,1,0,5,17,6,15,16,10,14,13,12, Break points: 6,13,Best: 2390.93674803089
Tre: 530.9291855367633

==================================================================================================================================================================================================================================================================================================================================================================================

W: 1000, H: 1000, soSS: 200, bk: 87.7
soPP: 20, soMSink: 3
PSO: 
Khoi tao: 
419.0 962.0 83.0 589.0 692.0 859.0 4.0 702.0 846.0 328.0 734.0 653.0 381.0 993.0 75.0 270.0 471.0 905.0 726.0 169.0 165.0 584.0 516.0 578.0 173.0 127.0 358.0 219.0 947.0 790.0 661.0 20.0 375.0 844.0 880.0 121.0 949.0 156.0 147.0 569.0 
Trung: 9.0  Bao phu: 72.0  MaxSS: 200
Gbest: 
665.0 598.0 367.0 21.0 4.0 142.0 565.0 943.0 152.0 510.0 195.0 997.0 328.0 401.0 668.0 62.0 454.0 875.0 416.0 709.0 382.0 217.0 693.0 337.0 276.0 789.0 857.0 541.0 756.0 952.0 135.0 676.0 130.0 387.0 149.0 97.0 885.0 404.0 930.0 102.0 
Trung: 0  Bao phu: 78  MaxSS: 200
Tong NL: 9.509103912139998E-4
Life round: 46.0

GA: 
Khoitao: 
Sequences: 4,5,2,11,19,9,6,7,8,1,10,3,12,0,14,15,16,17,18,13, Break points: 4,8,
Best: 
Sequences: 3,14,6,8,9,10,16,1,2,17,4,15,0,5,12,7,19,11,18,13, Break points: 5,12,Best: 2864.664461895874
Tre: 641.5900345584253

==================================================================================================================================================================================================================================================================================================================================================================================

W: 1000, H: 1000, soSS: 200, bk: 87.7
soPP: 20, soMSink: 3
PSO: 
Khoi tao: 
448.0 294.0 258.0 823.0 566.0 541.0 679.0 212.0 855.0 64.0 199.0 777.0 649.0 631.0 41.0 658.0 342.0 707.0 887.0 672.0 427.0 129.0 365.0 790.0 925.0 918.0 700.0 440.0 321.0 659.0 646.0 972.0 679.0 423.0 536.0 564.0 506.0 573.0 835.0 349.0 
Trung: 20.0  Bao phu: 73.0  MaxSS: 200
Gbest: 
475.0 340.0 248.0 426.0 668.0 763.0 548.0 894.0 931.0 47.0 937.0 843.0 638.0 652.0 998.0 237.0 88.0 307.0 52.0 517.0 833.0 701.0 125.0 501.0 48.0 684.0 246.0 136.0 258.0 161.0 842.0 97.0 852.0 471.0 259.0 926.0 465.0 81.0 325.0 299.0 
Trung: 3  Bao phu: 91  MaxSS: 200
Tong NL: 9.742178514159996E-4
Life round: 65.0

GA: 
Khoitao: 
Sequences: 19,9,1,7,4,3,6,5,8,11,2,0,12,13,14,15,16,17,18,10, Break points: 5,15,
Best: 
Sequences: 0,19,2,6,9,1,12,11,8,14,13,18,17,3,5,10,4,15,7,16, Break points: 7,13,Best: 2575.178635160378
Tre: 552.6041187599542

==================================================================================================================================================================================================================================================================================================================================================================================

W: 1000, H: 1000, soSS: 200, bk: 87.7
soPP: 20, soMSink: 3
PSO: 
Khoi tao: 
594.0 264.0 399.0 292.0 543.0 986.0 216.0 994.0 181.0 17.0 396.0 388.0 796.0 173.0 479.0 82.0 212.0 646.0 293.0 314.0 242.0 253.0 690.0 373.0 933.0 590.0 67.0 194.0 345.0 901.0 296.0 160.0 309.0 456.0 676.0 515.0 686.0 249.0 148.0 388.0 
Trung: 14.0  Bao phu: 73.0  MaxSS: 200
Gbest: 
224.0 166.0 176.0 411.0 234.0 561.0 226.0 848.0 366.0 215.0 418.0 441.0 355.0 632.0 351.0 808.0 554.0 166.0 569.0 372.0 633.0 588.0 574.0 751.0 770.0 175.0 786.0 424.0 812.0 563.0 806.0 780.0 493.0 807.0 273.0 976.0 928.0 202.0 699.0 250.0 
Trung: 2  Bao phu: 106  MaxSS: 200
Tong NL: 9.604165041500004E-4
Life round: 63.0

GA: 
Khoitao: 
Sequences: 6,1,15,8,7,4,19,5,2,9,0,11,12,13,10,14,16,17,18,3, Break points: 11,18,
Best: 
Sequences: 7,17,3,16,2,6,1,0,4,5,9,13,14,10,11,15,18,12,19,8, Break points: 6,13,Best: 1858.3613971072386
Tre: 441.67227942144774

==================================================================================================================================================================================================================================================================================================================================================================================

W: 1000, H: 1000, soSS: 200, bk: 87.7
soPP: 20, soMSink: 3
PSO: 
Khoi tao: 
242.0 601.0 945.0 100.0 283.0 852.0 410.0 592.0 621.0 908.0 247.0 183.0 422.0 166.0 321.0 619.0 89.0 662.0 971.0 29.0 526.0 181.0 643.0 66.0 465.0 85.0 342.0 358.0 582.0 111.0 480.0 90.0 568.0 297.0 709.0 141.0 491.0 923.0 264.0 142.0 
Trung: 20.0  Bao phu: 69.0  MaxSS: 200
Gbest: 
233.0 215.0 249.0 427.0 195.0 608.0 204.0 760.0 402.0 188.0 412.0 400.0 369.0 610.0 445.0 798.0 568.0 190.0 614.0 389.0 558.0 641.0 571.0 847.0 796.0 193.0 795.0 445.0 760.0 575.0 833.0 794.0 924.0 626.0 830.0 517.0 686.0 190.0 183.0 64.0 
Trung: 2  Bao phu: 78  MaxSS: 200
Tong NL: 0.0010504257409869996
Life round: 78.0

GA: 
Khoitao: 
Sequences: 4,10,2,8,3,0,6,13,5,9,19,7,12,14,1,11,15,17,18,16, Break points: 5,11,
Best: 
Sequences: 4,18,9,17,12,8,5,19,0,1,3,2,6,10,13,7,11,14,15,16, Break points: 6,13,Best: 2059.273578671249
Tre: 481.85471573424985

==================================================================================================================================================================================================================================================================================================================================================================================

W: 1000, H: 1000, soSS: 200, bk: 87.7
soPP: 20, soMSink: 3
PSO: 
Khoi tao: 
282.0 802.0 961.0 9.0 802.0 72.0 20.0 241.0 820.0 12.0 768.0 668.0 774.0 276.0 273.0 102.0 1000.0 177.0 393.0 66.0 35.0 864.0 155.0 441.0 571.0 63.0 574.0 681.0 51.0 246.0 969.0 496.0 672.0 292.0 51.0 211.0 456.0 918.0 281.0 66.0 
Trung: 7.0  Bao phu: 58.0  MaxSS: 200
Gbest: 
205.0 218.0 160.0 447.0 204.0 601.0 154.0 800.0 390.0 234.0 408.0 382.0 419.0 566.0 383.0 771.0 553.0 227.0 581.0 371.0 571.0 643.0 586.0 788.0 769.0 178.0 838.0 375.0 826.0 602.0 776.0 780.0 952.0 943.0 667.0 518.0 628.0 976.0 1.0 851.0 
Trung: 1  Bao phu: 96  MaxSS: 200
Tong NL: 8.674127734400003E-4
Life round: 64.0

GA: 
Khoitao: 
Sequences: 4,1,2,8,10,5,3,19,16,9,0,11,12,15,14,13,6,17,18,7, Break points: 17,18,
Best: 
Sequences: 10,12,8,4,0,1,5,2,19,3,7,18,11,15,16,14,13,6,9,17, Break points: 6,12,Best: 2187.095054215756
Tre: 517.4190108431512

==================================================================================================================================================================================================================================================================================================================================================================================

W: 1000, H: 1000, soSS: 200, bk: 87.7
soPP: 20, soMSink: 3
PSO: 
Khoi tao: 
691.0 88.0 739.0 944.0 752.0 611.0 626.0 176.0 903.0 370.0 346.0 454.0 211.0 285.0 571.0 170.0 421.0 425.0 82.0 56.0 964.0 24.0 927.0 20.0 605.0 837.0 11.0 268.0 332.0 372.0 278.0 993.0 641.0 369.0 730.0 580.0 941.0 285.0 541.0 482.0 
Trung: 19.0  Bao phu: 71.0  MaxSS: 200
Gbest: 
244.0 238.0 231.0 350.0 214.0 606.0 190.0 799.0 443.0 186.0 362.0 407.0 388.0 626.0 437.0 806.0 574.0 219.0 619.0 396.0 550.0 603.0 611.0 770.0 784.0 188.0 826.0 419.0 753.0 578.0 780.0 768.0 539.0 979.0 635.0 782.0 350.0 940.0 1000.0 101.0 
Trung: 2  Bao phu: 83  MaxSS: 200
Tong NL: 0.0012028867688500004
Life round: 36.0

GA: 
Khoitao: 
Sequences: 9,1,2,17,16,6,19,0,8,7,5,11,10,13,18,3,15,12,4,14, Break points: 14,15,
Best: 
Sequences: 3,11,15,17,16,7,18,6,14,10,9,5,1,0,2,4,8,12,19,13, Break points: 7,14,Best: 2061.0276374034174
Tre: 472.2055274806835

==================================================================================================================================================================================================================================================================================================================================================================================

W: 1000, H: 1000, soSS: 200, bk: 87.7
soPP: 20, soMSink: 3
PSO: 
Khoi tao: 
494.0 608.0 719.0 584.0 37.0 80.0 407.0 182.0 289.0 385.0 293.0 212.0 896.0 593.0 643.0 17.0 861.0 673.0 511.0 994.0 992.0 11.0 678.0 466.0 926.0 249.0 715.0 880.0 322.0 346.0 128.0 321.0 882.0 947.0 648.0 381.0 982.0 27.0 626.0 632.0 
Trung: 11.0  Bao phu: 75.0  MaxSS: 200
Gbest: 
336.0 987.0 623.0 206.0 419.0 818.0 741.0 0.0 39.0 17.0 534.0 395.0 330.0 317.0 604.0 732.0 82.0 800.0 781.0 386.0 214.0 176.0 137.0 255.0 365.0 507.0 403.0 10.0 567.0 835.0 557.0 548.0 17.0 286.0 107.0 627.0 162.0 700.0 153.0 36.0 
Trung: 1  Bao phu: 70  MaxSS: 200
Tong NL: 0.0040817878172779995
Life round: 8.0

GA: 
Khoitao: 
Sequences: 10,1,13,3,0,11,5,7,8,9,17,2,12,4,6,15,16,14,18,19, Break points: 2,5,
Best: 
Sequences: 16,14,10,5,12,17,18,8,3,2,13,1,0,19,4,6,7,9,15,11, Break points: 14,10,5,12,17,18,8,3,2,13,1,0,19,4,6,7,9,15,Best: -1.0
Tre: 159.20961135919836

==================================================================================================================================================================================================================================================================================================================================================================================

W: 1000, H: 1000, soSS: 200, bk: 87.7
soPP: 20, soMSink: 3
PSO: 
Khoi tao: 
496.0 195.0 641.0 373.0 560.0 932.0 879.0 665.0 502.0 694.0 953.0 580.0 631.0 665.0 153.0 653.0 613.0 661.0 677.0 47.0 224.0 252.0 156.0 279.0 777.0 426.0 391.0 419.0 871.0 279.0 582.0 244.0 664.0 340.0 299.0 681.0 40.0 397.0 826.0 151.0 
Trung: 10.0  Bao phu: 71.0  MaxSS: 200
Gbest: 
31.0 147.0 673.0 691.0 843.0 791.0 222.0 301.0 370.0 924.0 719.0 896.0 357.0 70.0 256.0 207.0 4.0 822.0 810.0 266.0 624.0 565.0 735.0 596.0 555.0 471.0 267.0 812.0 440.0 912.0 188.0 148.0 133.0 468.0 215.0 622.0 589.0 361.0 776.0 147.0 
Trung: 2  Bao phu: 78  MaxSS: 200
Tong NL: 9.232931433589996E-4
Life round: 85.0

GA: 
Khoitao: 
Sequences: 18,5,11,1,17,4,13,0,8,9,10,19,12,3,14,15,16,7,2,6, Break points: 10,14,
Best: 
Sequences: 8,1,3,2,15,5,10,4,14,12,6,17,13,11,18,0,7,16,19,9, Break points: 6,5,4,1,14,8,2,13,3,10,11,18,12,0,15,7,19,16,Best: -2.2737367544323206E-13
Tre: 149.99999999999994

==================================================================================================================================================================================================================================================================================================================================================================================

W: 1000, H: 1000, soSS: 200, bk: 87.7
soPP: 20, soMSink: 3
PSO: 
Khoi tao: 
982.0 278.0 863.0 531.0 198.0 520.0 943.0 473.0 365.0 659.0 992.0 58.0 631.0 912.0 644.0 162.0 167.0 930.0 760.0 316.0 675.0 366.0 277.0 79.0 696.0 633.0 754.0 570.0 222.0 893.0 499.0 922.0 882.0 62.0 87.0 612.0 815.0 590.0 247.0 387.0 
Trung: 9.0  Bao phu: 75.0  MaxSS: 200
Gbest: 
246.0 168.0 159.0 359.0 168.0 580.0 182.0 754.0 411.0 230.0 391.0 409.0 352.0 595.0 377.0 815.0 556.0 150.0 598.0 430.0 627.0 602.0 614.0 799.0 780.0 168.0 836.0 439.0 776.0 556.0 824.0 797.0 191.0 944.0 663.0 641.0 353.0 903.0 804.0 958.0 
Trung: 2  Bao phu: 86  MaxSS: 200
Tong NL: 7.850400016459997E-4
Life round: 74.0

GA: 
Khoitao: 
Sequences: 5,1,16,3,8,13,15,2,19,17,14,7,12,18,4,11,9,6,10,0, Break points: 17,18,
Best: 
Sequences: 18,5,4,0,14,3,13,1,2,10,12,19,17,6,9,7,8,16,11,15, Break points: 5,4,0,14,3,13,1,2,10,12,19,17,6,9,7,8,16,11,Best: -2.2737367544323206E-13
Tre: -1.0

==================================================================================================================================================================================================================================================================================================================================================================================

W: 1000, H: 1000, soSS: 200, bk: 87.7
soPP: 20, soMSink: 3
PSO: 
Khoi tao: 
244.0 86.0 384.0 181.0 439.0 143.0 484.0 169.0 927.0 758.0 4.0 465.0 116.0 934.0 690.0 293.0 917.0 685.0 785.0 518.0 658.0 138.0 803.0 343.0 937.0 243.0 947.0 248.0 5.0 548.0 189.0 386.0 330.0 962.0 49.0 151.0 515.0 426.0 513.0 538.0 
Trung: 22.0  Bao phu: 74.0  MaxSS: 200
Gbest: 
184.0 236.0 191.0 407.0 208.0 622.0 160.0 754.0 406.0 192.0 379.0 433.0 372.0 628.0 351.0 807.0 627.0 188.0 589.0 369.0 644.0 576.0 623.0 816.0 774.0 176.0 763.0 419.0 809.0 619.0 816.0 842.0 55.0 409.0 497.0 25.0 681.0 140.0 373.0 42.0 
Trung: 1  Bao phu: 85  MaxSS: 200
Tong NL: 9.493048148489999E-4
Life round: 60.0

GA: 
Khoitao: 
Sequences: 8,1,18,3,4,5,14,7,0,9,10,2,12,11,19,13,6,17,16,15, Break points: 5,9,
Best: 
Sequences: 13,16,14,1,18,8,7,19,10,2,4,3,12,6,0,5,11,9,17,15, Break points: 14,13,7,1,5,10,11,0,19,9,4,3,8,16,6,2,17,18,Best: -5.684341886080801E-13
Tre: 149.9999999999999

==================================================================================================================================================================================================================================================================================================================================================================================

W: 1000, H: 1000, soSS: 200, bk: 87.7
soPP: 20, soMSink: 3
PSO: 
Khoi tao: 
614.0 15.0 814.0 706.0 950.0 79.0 903.0 774.0 273.0 455.0 869.0 262.0 231.0 801.0 330.0 487.0 98.0 557.0 639.0 190.0 887.0 242.0 281.0 205.0 826.0 370.0 406.0 321.0 344.0 128.0 282.0 188.0 499.0 784.0 559.0 834.0 814.0 661.0 220.0 221.0 
Trung: 22.0  Bao phu: 72.0  MaxSS: 200
Gbest: 
216.0 221.0 204.0 406.0 177.0 595.0 171.0 817.0 413.0 187.0 359.0 358.0 374.0 596.0 355.0 765.0 632.0 210.0 577.0 393.0 631.0 552.0 554.0 769.0 816.0 179.0 763.0 370.0 826.0 619.0 819.0 776.0 443.0 488.0 938.0 123.0 926.0 377.0 941.0 875.0 
Trung: 1  Bao phu: 97  MaxSS: 200
Tong NL: 7.997168607810005E-4
Life round: 56.0

GA: 
Khoitao: 
Sequences: 12,7,14,16,4,5,1,3,8,9,2,11,10,13,0,15,18,17,6,19, Break points: 5,17,
Best: 
Sequences: 4,3,12,17,2,11,1,0,19,7,6,8,9,5,10,14,13,15,16,18, Break points: 4,2,3,10,5,18,6,7,8,11,14,1,12,15,19,9,0,17,Best: 268.4771871127973
Tre: 233.69543742255945

==================================================================================================================================================================================================================================================================================================================================================================================

W: 1000, H: 1000, soSS: 200, bk: 87.7
soPP: 20, soMSink: 3
PSO: 
Khoi tao: 
331.0 871.0 286.0 713.0 343.0 500.0 558.0 931.0 715.0 254.0 44.0 46.0 887.0 24.0 690.0 837.0 8.0 94.0 296.0 215.0 721.0 726.0 58.0 899.0 232.0 723.0 506.0 7.0 597.0 482.0 278.0 898.0 851.0 366.0 563.0 634.0 78.0 490.0 44.0 594.0 
Trung: 10.0  Bao phu: 72.0  MaxSS: 200
Gbest: 
434.0 618.0 788.0 825.0 126.0 19.0 52.0 612.0 868.0 627.0 360.0 25.0 366.0 130.0 495.0 191.0 718.0 195.0 77.0 969.0 773.0 607.0 576.0 654.0 704.0 920.0 238.0 551.0 976.0 427.0 937.0 774.0 130.0 367.0 821.0 247.0 44.0 43.0 857.0 17.0 
Trung: 2  Bao phu: 66  MaxSS: 200
Tong NL: 0.0014649290998470003
Life round: 55.0

GA: 
Khoitao: 
Sequences: 17,1,8,3,4,16,5,7,14,0,10,11,12,13,19,15,2,18,9,6, Break points: 10,13,
Best: 
Sequences: 19,14,5,1,16,12,13,9,0,2,3,7,15,10,4,11,17,6,8,18, Break points: 14,5,1,16,12,13,9,0,2,3,7,15,10,4,11,17,6,8,Best: -1.0
Tre: -1.0

==================================================================================================================================================================================================================================================================================================================================================================================

W: 1000, H: 1000, soSS: 200, bk: 87.7
soPP: 20, soMSink: 3
PSO: 
Khoi tao: 
70.0 628.0 875.0 574.0 165.0 433.0 924.0 27.0 372.0 716.0 277.0 863.0 892.0 192.0 501.0 645.0 404.0 58.0 897.0 422.0 106.0 499.0 455.0 429.0 104.0 185.0 351.0 401.0 557.0 322.0 873.0 431.0 659.0 973.0 660.0 385.0 272.0 57.0 829.0 822.0 
Trung: 11.0  Bao phu: 79.0  MaxSS: 200
Gbest: 
154.0 234.0 209.0 438.0 198.0 614.0 219.0 780.0 355.0 247.0 393.0 399.0 416.0 615.0 372.0 783.0 565.0 187.0 617.0 353.0 616.0 617.0 640.0 767.0 786.0 239.0 787.0 362.0 848.0 585.0 791.0 786.0 215.0 107.0 679.0 926.0 975.0 912.0 25.0 726.0 
Trung: 1  Bao phu: 85  MaxSS: 200
Tong NL: 8.365915324749998E-4
Life round: 81.0

GA: 
Khoitao: 
Sequences: 14,1,2,13,7,9,12,5,8,4,10,0,11,3,19,15,16,6,17,18, Break points: 17,18,
Best: 
Sequences: 16,7,4,1,8,10,3,6,9,13,12,18,17,19,15,5,0,14,11,2, Break points: 7,4,1,8,10,3,6,9,13,12,18,17,19,15,5,0,14,11,Best: -1.0
Tre: 42.840514863050245

==================================================================================================================================================================================================================================================================================================================================================================================

W: 1000, H: 1000, soSS: 200, bk: 87.7
soPP: 20, soMSink: 3
PSO: 
Khoi tao: 
153.0 935.0 794.0 652.0 947.0 406.0 20.0 302.0 188.0 996.0 237.0 64.0 42.0 703.0 846.0 280.0 557.0 166.0 412.0 883.0 962.0 221.0 730.0 2.0 208.0 71.0 88.0 918.0 936.0 257.0 513.0 113.0 357.0 37.0 213.0 445.0 415.0 174.0 65.0 58.0 
Trung: 24.0  Bao phu: 66.0  MaxSS: 200
Gbest: 
170.0 231.0 238.0 381.0 171.0 610.0 208.0 839.0 389.0 178.0 394.0 443.0 350.0 606.0 375.0 793.0 612.0 182.0 623.0 413.0 561.0 605.0 554.0 779.0 764.0 232.0 812.0 369.0 780.0 636.0 829.0 795.0 845.0 62.0 10.0 752.0 259.0 276.0 438.0 615.0 
Trung: 2  Bao phu: 80  MaxSS: 200
Tong NL: 9.100821760759998E-4
Life round: 71.0

GA: 
Khoitao: 
Sequences: 11,4,16,3,1,5,6,17,8,9,10,2,12,14,13,15,0,19,18,7, Break points: 3,10,
Best: 
Sequences: 17,1,7,11,2,0,5,4,16,3,6,10,19,8,9,18,14,15,12,13, Break points: 6,5,1,17,3,7,2,18,4,14,19,11,9,15,8,16,12,0,Best: -1.1368683772161603E-13
Tre: -1.0

==================================================================================================================================================================================================================================================================================================================================================================================

W: 1000, H: 1000, soSS: 200, bk: 87.7
soPP: 20, soMSink: 3
PSO: 
Khoi tao: 
802.0 200.0 487.0 740.0 163.0 318.0 304.0 181.0 11.0 775.0 538.0 630.0 382.0 702.0 355.0 599.0 530.0 643.0 704.0 65.0 414.0 271.0 617.0 162.0 782.0 525.0 767.0 871.0 289.0 392.0 115.0 699.0 902.0 803.0 571.0 321.0 688.0 16.0 39.0 985.0 
Trung: 9.0  Bao phu: 79.0  MaxSS: 200
Gbest: 
366.0 944.0 942.0 967.0 151.0 134.0 218.0 368.0 187.0 594.0 680.0 20.0 963.0 744.0 22.0 3.0 412.0 183.0 623.0 873.0 191.0 867.0 887.0 531.0 735.0 202.0 292.0 233.0 460.0 849.0 351.0 625.0 956.0 425.0 559.0 678.0 551.0 290.0 283.0 38.0 
Trung: 1  Bao phu: 78  MaxSS: 200
Tong NL: 0.0010171665534389996
Life round: 94.0

GA: 
Khoitao: 
Sequences: 7,1,2,3,6,4,13,0,15,5,10,17,12,11,16,9,8,14,18,19, Break points: 3,12,
Best: 
Sequences: 19,11,8,1,15,2,4,7,3,16,6,0,14,18,9,10,5,13,17,12, Break points: 11,8,1,15,2,4,7,3,16,6,0,14,18,9,10,5,13,17,Best: -1.0
Tre: -1.0

==================================================================================================================================================================================================================================================================================================================================================================================

W: 1000, H: 1000, soSS: 200, bk: 87.7
soPP: 20, soMSink: 3
PSO: 
Khoi tao: 
918.0 541.0 98.0 695.0 499.0 742.0 55.0 67.0 74.0 914.0 690.0 91.0 902.0 202.0 876.0 503.0 342.0 619.0 598.0 407.0 243.0 116.0 767.0 632.0 388.0 992.0 195.0 696.0 101.0 418.0 259.0 563.0 597.0 164.0 502.0 733.0 622.0 643.0 938.0 259.0 
Trung: 16.0  Bao phu: 66.0  MaxSS: 200
Gbest: 
153.0 218.0 178.0 420.0 226.0 572.0 178.0 831.0 384.0 231.0 417.0 397.0 384.0 563.0 404.0 754.0 618.0 246.0 580.0 440.0 561.0 597.0 602.0 801.0 834.0 232.0 796.0 430.0 838.0 643.0 789.0 836.0 949.0 19.0 536.0 993.0 84.0 137.0 62.0 704.0 
Trung: 1  Bao phu: 87  MaxSS: 200
Tong NL: 8.026874816419996E-4
Life round: 71.0

GA: 
Khoitao: 
Sequences: 0,2,7,10,4,5,11,19,6,13,8,1,12,18,14,15,9,3,17,16, Break points: 8,17,
Best: 
Sequences: 11,17,7,19,3,2,9,12,4,18,0,1,6,10,5,8,16,13,14,15, Break points: 6,13,Best: 2084.2963556839545
Tre: 486.8592711367909

==================================================================================================================================================================================================================================================================================================================================================================================

W: 1000, H: 1000, soSS: 200, bk: 87.7
soPP: 20, soMSink: 3
PSO: 
Khoi tao: 
136.0 836.0 63.0 390.0 207.0 376.0 38.0 817.0 813.0 737.0 441.0 578.0 51.0 401.0 462.0 955.0 66.0 986.0 893.0 813.0 250.0 943.0 805.0 318.0 359.0 162.0 703.0 514.0 454.0 585.0 26.0 408.0 814.0 356.0 13.0 296.0 980.0 122.0 553.0 998.0 
Trung: 20.0  Bao phu: 63.0  MaxSS: 200
Gbest: 
130.0 945.0 109.0 352.0 454.0 545.0 635.0 590.0 847.0 546.0 315.0 21.0 166.0 706.0 794.0 628.0 22.0 222.0 421.0 893.0 631.0 704.0 109.0 600.0 778.0 166.0 279.0 853.0 278.0 248.0 672.0 78.0 457.0 967.0 125.0 431.0 26.0 178.0 900.0 91.0 
Trung: 2  Bao phu: 58  MaxSS: 200
Tong NL: 0.002780656480849
Life round: 11.0

GA: 
Khoitao: 
Sequences: 11,3,15,14,2,5,0,7,8,6,9,1,12,13,16,19,4,17,18,10, Break points: 16,18,
Best: 
Sequences: 12,19,15,5,18,8,1,14,17,11,10,4,7,3,2,9,16,13,6,0, Break points: 7,13,Best: 1967.7167318737843
Tre: 462.7327066195693

==================================================================================================================================================================================================================================================================================================================================================================================

W: 1000, H: 1000, soSS: 200, bk: 87.7
soPP: 20, soMSink: 3
PSO: 
Khoi tao: 
789.0 335.0 325.0 357.0 731.0 623.0 223.0 132.0 972.0 609.0 119.0 245.0 856.0 970.0 672.0 639.0 97.0 473.0 575.0 373.0 77.0 480.0 255.0 427.0 960.0 386.0 32.0 345.0 965.0 814.0 558.0 775.0 102.0 908.0 675.0 868.0 191.0 280.0 408.0 685.0 
Trung: 9.0  Bao phu: 74.0  MaxSS: 200
Gbest: 
228.0 242.0 233.0 401.0 236.0 634.0 236.0 798.0 445.0 220.0 439.0 436.0 405.0 562.0 366.0 787.0 578.0 195.0 597.0 409.0 593.0 599.0 565.0 815.0 824.0 238.0 783.0 406.0 798.0 585.0 784.0 846.0 147.0 479.0 2.0 764.0 418.0 966.0 998.0 730.0 
Trung: 1  Bao phu: 76  MaxSS: 200
Tong NL: 8.975240200590003E-4
Life round: 39.0

GA: 
Khoitao: 
Sequences: 2,0,18,17,16,15,6,11,8,9,10,3,12,13,14,1,7,5,4,19, Break points: 15,16,
Best: 
Sequences: 0,1,16,2,17,3,7,6,10,9,5,4,8,12,13,14,15,11,18,19, Break points: 7,14,Best: 1887.9440079803526
Tre: 437.58880159607054

==================================================================================================================================================================================================================================================================================================================================================================================

W: 1000, H: 1000, soSS: 200, bk: 87.7
soPP: 20, soMSink: 3
PSO: 
Khoi tao: 
15.0 336.0 129.0 442.0 343.0 666.0 741.0 378.0 317.0 499.0 834.0 31.0 67.0 472.0 301.0 327.0 81.0 16.0 307.0 823.0 862.0 478.0 243.0 863.0 136.0 195.0 316.0 882.0 505.0 41.0 194.0 214.0 273.0 700.0 824.0 811.0 52.0 548.0 601.0 419.0 
Trung: 10.0  Bao phu: 71.0  MaxSS: 200
Gbest: 
215.0 247.0 248.0 445.0 216.0 621.0 193.0 765.0 370.0 206.0 367.0 422.0 387.0 622.0 449.0 762.0 617.0 183.0 596.0 425.0 604.0 563.0 569.0 768.0 821.0 177.0 794.0 352.0 766.0 565.0 782.0 788.0 31.0 851.0 17.0 227.0 995.0 520.0 457.0 597.0 
Trung: 2  Bao phu: 90  MaxSS: 200
Tong NL: 0.0011203716179379992
Life round: 57.0

GA: 
Khoitao: 
Sequences: 13,1,5,3,9,6,16,7,14,2,8,4,12,11,15,0,10,17,18,19, Break points: 9,10,
Best: 
Sequences: 7,11,6,16,3,2,1,19,5,17,0,4,8,9,10,14,13,12,18,15, Break points: 7,14,Best: 1736.8712686933318
Tre: 417.37425373866637

==================================================================================================================================================================================================================================================================================================================================================================================

W: 1000, H: 1000, soSS: 200, bk: 87.7
soPP: 20, soMSink: 3
PSO: 
Khoi tao: 
864.0 7.0 430.0 977.0 698.0 197.0 607.0 292.0 189.0 362.0 843.0 831.0 160.0 320.0 943.0 398.0 136.0 607.0 215.0 724.0 528.0 587.0 566.0 910.0 156.0 460.0 779.0 617.0 946.0 808.0 516.0 629.0 922.0 895.0 242.0 948.0 912.0 211.0 212.0 218.0 
Trung: 7.0  Bao phu: 72.0  MaxSS: 200
Gbest: 
651.0 263.0 884.0 696.0 53.0 799.0 838.0 69.0 304.0 72.0 23.0 222.0 985.0 381.0 966.0 24.0 610.0 414.0 169.0 58.0 940.0 577.0 574.0 990.0 444.0 456.0 345.0 644.0 132.0 230.0 470.0 26.0 725.0 381.0 958.0 56.0 781.0 676.0 799.0 336.0 
Trung: 2  Bao phu: 73  MaxSS: 200
Tong NL: 0.0016713053413009997
Life round: 30.0

GA: 
Khoitao: 
Sequences: 2,14,3,13,19,5,6,7,9,18,17,11,0,10,8,15,16,1,4,12, Break points: 16,17,
Best: 
Sequences: 11,2,13,12,8,10,1,18,17,7,3,0,16,19,6,15,4,9,5,14, Break points: 4,13,Best: 2129.0813140344453
Tre: 495.8162628068891

==================================================================================================================================================================================================================================================================================================================================================================================

W: 1000, H: 1000, soSS: 200, bk: 87.7
soPP: 20, soMSink: 3
PSO: 
Khoi tao: 
453.0 782.0 558.0 137.0 5.0 120.0 657.0 622.0 762.0 863.0 6.0 816.0 824.0 389.0 559.0 129.0 906.0 398.0 813.0 111.0 73.0 629.0 535.0 867.0 668.0 775.0 246.0 784.0 847.0 498.0 693.0 831.0 98.0 575.0 901.0 555.0 188.0 631.0 948.0 112.0 
Trung: 20.0  Bao phu: 66.0  MaxSS: 200
Gbest: 
212.0 241.0 178.0 448.0 205.0 599.0 248.0 803.0 350.0 203.0 444.0 394.0 426.0 564.0 353.0 780.0 566.0 176.0 636.0 402.0 640.0 610.0 608.0 827.0 781.0 244.0 828.0 356.0 816.0 625.0 812.0 754.0 70.0 258.0 85.0 214.0 40.0 28.0 82.0 986.0 
Trung: 1  Bao phu: 75  MaxSS: 200
Tong NL: 0.0011455660718420002
Life round: 47.0

GA: 
Khoitao: 
Sequences: 5,1,2,19,18,11,16,7,8,6,13,15,12,10,14,17,3,0,9,4, Break points: 5,16,
Best: 
Sequences: 4,8,18,16,17,0,1,2,19,3,7,11,10,6,5,9,12,13,14,15, Break points: 6,11,Best: 1752.2615992223102
Tre: 440.45231984446207

==================================================================================================================================================================================================================================================================================================================================================================================

W: 1000, H: 1000, soSS: 200, bk: 87.7
soPP: 30, soMSink: 3
PSO: 
Khoi tao: 
371.0 949.0 519.0 830.0 260.0 341.0 723.0 297.0 669.0 792.0 895.0 172.0 872.0 103.0 596.0 95.0 493.0 189.0 50.0 383.0 234.0 986.0 239.0 739.0 672.0 590.0 840.0 177.0 912.0 666.0 197.0 631.0 496.0 512.0 874.0 567.0 330.0 777.0 542.0 36.0 359.0 40.0 553.0 143.0 277.0 175.0 492.0 405.0 7.0 57.0 326.0 31.0 847.0 228.0 932.0 736.0 376.0 698.0 453.0 914.0 
Trung: 26.0  Bao phu: 99.0  MaxSS: 200
Gbest: 
185.5 143.5 136.5 359.5 169.5 501.5 149.5 682.5 169.5 865.5 324.5 144.5 313.5 290.5 291.5 489.5 356.5 659.5 298.5 805.5 502.5 129.5 492.5 306.5 523.5 515.5 460.5 635.5 478.5 832.5 647.5 169.5 700.5 332.5 704.5 522.5 699.5 674.5 645.5 867.5 808.5 138.5 818.5 308.5 859.5 472.5 809.5 623.5 838.5 792.5 421.0 979.0 764.0 61.0 643.0 702.0 692.0 159.0 665.0 668.0 
Trung: 11  Bao phu: 118  MaxSS: 200
Tong NL: 5.003541508165E-4
Life round: 98.0

GA: 
Khoitao: 
Sequences: 13,1,22,19,6,5,18,7,8,17,11,29,12,26,28,15,16,0,4,2,20,21,10,3,24,25,14,27,23,9, Break points: 24,27,
Best: 
Sequences: 26,0,6,5,1,2,3,7,11,12,27,13,8,9,4,25,14,19,16,20,21,22,23,24,17,29,18,15,10,28, Break points: 8,18,Best: 2416.6468190479754
Tre: 600.5567285549707

==================================================================================================================================================================================================================================================================================================================================================================================

W: 1000, H: 1000, soSS: 200, bk: 87.7
soPP: 30, soMSink: 3
PSO: 
Khoi tao: 
331.0 664.0 132.0 587.0 387.0 588.0 373.0 258.0 560.0 562.0 497.0 279.0 48.0 4.0 965.0 665.0 942.0 755.0 345.0 431.0 982.0 644.0 86.0 558.0 444.0 761.0 575.0 151.0 592.0 433.0 287.0 797.0 482.0 942.0 120.0 10.0 672.0 771.0 349.0 623.0 274.0 187.0 333.0 102.0 902.0 381.0 883.0 615.0 146.0 910.0 565.0 136.0 630.0 269.0 551.0 325.0 677.0 762.0 495.0 62.0 
Trung: 35.0  Bao phu: 99.0  MaxSS: 200
Gbest: 
187.5 137.5 175.5 316.5 194.5 467.5 175.5 627.5 134.5 847.5 323.5 192.5 304.5 348.5 319.5 500.5 333.5 638.5 348.5 800.5 492.5 162.5 494.5 345.5 460.5 471.5 478.5 648.5 528.5 835.5 661.5 166.5 643.5 293.5 672.5 538.5 700.5 702.5 637.5 822.5 858.5 127.5 790.5 313.5 802.5 467.5 818.5 640.5 843.5 828.5 230.0 138.0 973.0 920.0 938.0 377.0 991.0 307.0 663.0 772.0 
Trung: 12  Bao phu: 126  MaxSS: 200
Tong NL: 4.329236055645E-4
Life round: 178.0

GA: 
Khoitao: 
Sequences: 19,1,2,3,21,12,27,6,8,9,28,13,20,10,14,15,16,17,5,11,24,23,22,18,0,7,26,4,25,29, Break points: 1,8,
Best: 
Sequences: 17,23,18,26,24,16,10,6,5,12,7,8,4,3,9,2,1,0,25,15,11,22,29,14,19,13,20,28,27,21, Break points: 9,20,Best: 2588.426564131104
Tre: 614.9015033093845

==================================================================================================================================================================================================================================================================================================================================================================================

W: 1000, H: 1000, soSS: 200, bk: 87.7
soPP: 30, soMSink: 3
PSO: 
Khoi tao: 
964.0 49.0 868.0 62.0 739.0 622.0 141.0 829.0 798.0 184.0 639.0 965.0 927.0 890.0 710.0 939.0 130.0 144.0 505.0 812.0 784.0 860.0 768.0 21.0 514.0 368.0 916.0 673.0 462.0 697.0 811.0 516.0 351.0 234.0 496.0 772.0 141.0 632.0 624.0 265.0 707.0 46.0 401.0 576.0 463.0 981.0 388.0 688.0 952.0 628.0 107.0 818.0 748.0 377.0 924.0 28.0 782.0 377.0 580.0 604.0 
Trung: 28.0  Bao phu: 96.0  MaxSS: 200
Gbest: 
131.5 137.5 148.5 292.5 150.5 498.5 183.5 682.5 157.5 812.5 362.5 146.5 333.5 336.5 299.5 485.5 303.5 657.5 305.5 797.5 487.5 168.5 499.5 323.5 488.5 535.5 485.5 679.5 477.5 857.5 671.5 142.5 623.5 330.5 681.5 471.5 700.5 653.5 663.5 799.5 847.5 129.5 866.5 342.5 828.5 532.5 809.5 640.5 807.5 819.5 629.0 879.0 925.0 877.0 308.0 3.0 392.0 10.0 153.0 919.0 
Trung: 12  Bao phu: 125  MaxSS: 200
Tong NL: 3.7435107366525E-4
Life round: 182.0

GA: 
Khoitao: 
Sequences: 15,26,17,3,1,5,6,16,7,8,13,18,9,23,14,25,21,4,0,19,11,22,12,20,24,2,10,27,28,29, Break points: 3,26,
Best: 
Sequences: 11,7,1,6,2,8,3,29,4,9,13,17,14,19,23,22,26,24,25,18,12,16,15,20,21,5,10,27,28,0, Break points: 11,21,Best: 2510.7903133378613
Tre: 612.1580626675723

==================================================================================================================================================================================================================================================================================================================================================================================

W: 1000, H: 1000, soSS: 200, bk: 87.7
soPP: 30, soMSink: 3
PSO: 
Khoi tao: 
902.0 722.0 414.0 500.0 419.0 353.0 379.0 461.0 99.0 964.0 525.0 116.0 174.0 566.0 16.0 993.0 466.0 876.0 331.0 2.0 432.0 554.0 37.0 547.0 676.0 538.0 640.0 986.0 956.0 234.0 714.0 248.0 48.0 737.0 759.0 690.0 846.0 868.0 438.0 110.0 740.0 411.0 57.0 148.0 444.0 37.0 178.0 204.0 204.0 950.0 347.0 361.0 241.0 35.0 575.0 718.0 696.0 338.0 342.0 208.0 
Trung: 24.0  Bao phu: 110.0  MaxSS: 200
Gbest: 
133.5 153.5 140.5 342.5 166.5 535.5 129.5 636.5 182.5 808.5 345.5 168.5 301.5 352.5 367.5 520.5 339.5 649.5 350.5 827.5 525.5 197.5 496.5 354.5 458.5 490.5 475.5 694.5 531.5 842.5 704.5 135.5 700.5 309.5 628.5 480.5 634.5 635.5 662.5 804.5 831.5 183.5 848.5 368.5 870.5 484.5 817.5 660.5 867.5 837.5 999.0 92.0 73.0 921.0 926.0 660.0 209.0 484.0 984.0 992.0 
Trung: 9  Bao phu: 121  MaxSS: 200
Tong NL: 4.1086113082574975E-4
Life round: 186.0

GA: 
Khoitao: 
Sequences: 17,14,2,8,20,12,5,7,0,9,10,22,3,11,1,6,16,24,18,4,15,21,19,23,13,29,26,27,28,25, Break points: 21,26,
Best: 
Sequences: 4,26,3,2,11,6,7,29,19,9,13,12,5,0,1,28,8,14,23,27,22,21,15,10,20,16,25,17,18,24, Break points: 8,18,Best: 2934.8320969310885
Tre: 703.1302194074253

==================================================================================================================================================================================================================================================================================================================================================================================

W: 1000, H: 1000, soSS: 200, bk: 87.7
soPP: 30, soMSink: 3
PSO: 
Khoi tao: 
301.0 683.0 689.0 648.0 600.0 595.0 330.0 485.0 508.0 564.0 609.0 499.0 571.0 53.0 222.0 662.0 512.0 819.0 798.0 631.0 640.0 23.0 382.0 201.0 485.0 326.0 140.0 368.0 515.0 238.0 155.0 269.0 519.0 127.0 123.0 494.0 10.0 151.0 40.0 200.0 596.0 161.0 482.0 887.0 586.0 238.0 32.0 598.0 949.0 967.0 129.0 921.0 451.0 701.0 137.0 73.0 789.0 868.0 275.0 802.0 
Trung: 24.0  Bao phu: 102.0  MaxSS: 200
Gbest: 
205.5 186.5 125.5 311.5 159.5 522.5 150.5 647.5 158.5 790.5 358.5 152.5 298.5 340.5 325.5 527.5 308.5 690.5 344.5 863.5 459.5 126.5 486.5 316.5 475.5 497.5 526.5 632.5 533.5 797.5 703.5 204.5 673.5 346.5 691.5 461.5 652.5 637.5 629.5 847.5 865.5 154.5 796.5 364.5 818.5 525.5 864.5 653.5 867.5 864.5 21.0 613.0 951.0 735.0 94.0 97.0 383.0 964.0 252.0 376.0 
Trung: 13  Bao phu: 124  MaxSS: 200
Tong NL: 4.03783584405E-4
Life round: 175.0

GA: 
Khoitao: 
Sequences: 27,9,17,2,26,5,6,22,8,1,7,25,0,13,14,15,10,29,19,11,20,21,12,23,24,18,4,16,28,3, Break points: 7,20,
Best: 
Sequences: 23,20,10,5,0,29,2,9,8,4,3,25,1,27,6,11,12,13,19,18,7,28,14,17,16,15,21,22,26,24, Break points: 8,19,Best: 2704.7319756482816
Tre: 650.9463951296564

==================================================================================================================================================================================================================================================================================================================================================================================

W: 1000, H: 1000, soSS: 200, bk: 87.7
soPP: 30, soMSink: 3
PSO: 
Khoi tao: 
290.0 523.0 771.0 523.0 108.0 670.0 770.0 764.0 958.0 859.0 30.0 803.0 11.0 785.0 978.0 552.0 202.0 668.0 539.0 105.0 374.0 176.0 334.0 860.0 18.0 124.0 244.0 410.0 682.0 450.0 82.0 695.0 535.0 403.0 956.0 383.0 398.0 963.0 497.0 922.0 28.0 714.0 227.0 816.0 870.0 681.0 769.0 851.0 882.0 708.0 475.0 695.0 224.0 164.0 446.0 254.0 168.0 943.0 3.0 54.0 
Trung: 27.0  Bao phu: 111.0  MaxSS: 200
Gbest: 
189.5 203.5 149.5 304.5 203.5 496.5 179.5 662.5 130.5 847.5 330.5 197.5 355.5 371.5 324.5 495.5 314.5 670.5 313.5 810.5 466.5 129.5 505.5 307.5 475.5 498.5 522.5 699.5 476.5 858.5 652.5 132.5 665.5 353.5 627.5 511.5 638.5 667.5 641.5 843.5 861.5 129.5 813.5 317.5 869.5 483.5 838.5 667.5 788.5 861.5 261.0 63.0 815.0 191.0 229.0 982.0 899.0 616.0 583.0 882.0 
Trung: 13  Bao phu: 123  MaxSS: 200
Tong NL: 4.8011235706625014E-4
Life round: 139.0

GA: 
Khoitao: 
Sequences: 26,15,2,29,4,11,19,22,8,28,10,23,12,1,3,25,16,6,18,24,20,27,9,5,21,17,0,7,13,14, Break points: 17,28,
Best: 
Sequences: 19,24,18,11,6,1,2,8,27,29,14,13,9,4,3,7,12,17,23,28,22,26,20,15,5,0,25,10,16,21, Break points: 9,19,Best: 2325.1088883236675
Tre: 575.0217776647335

==================================================================================================================================================================================================================================================================================================================================================================================

W: 1000, H: 1000, soSS: 200, bk: 87.7
soPP: 30, soMSink: 3
PSO: 
Khoi tao: 
523.0 511.0 981.0 631.0 398.0 103.0 807.0 58.0 686.0 773.0 254.0 510.0 412.0 571.0 431.0 759.0 525.0 588.0 245.0 774.0 536.0 530.0 622.0 229.0 819.0 121.0 363.0 496.0 522.0 95.0 829.0 320.0 75.0 197.0 815.0 297.0 177.0 55.0 106.0 167.0 623.0 281.0 104.0 505.0 780.0 472.0 471.0 245.0 493.0 312.0 311.0 505.0 439.0 322.0 78.0 734.0 533.0 569.0 618.0 918.0 
Trung: 33.0  Bao phu: 100.0  MaxSS: 200
Gbest: 
206.5 150.5 141.5 339.5 200.5 479.5 143.5 649.5 148.5 854.5 299.5 129.5 317.5 302.5 341.5 529.5 317.5 660.5 299.5 795.5 518.5 205.5 486.5 332.5 471.5 475.5 466.5 639.5 535.5 853.5 622.5 189.5 635.5 353.5 637.5 529.5 679.5 641.5 701.5 789.5 861.5 160.5 826.5 305.5 845.5 496.5 803.5 629.5 857.5 808.5 935.0 94.0 171.0 404.0 927.0 930.0 121.0 998.0 234.0 324.0 
Trung: 10  Bao phu: 114  MaxSS: 200
Tong NL: 4.703934572017501E-4
Life round: 153.0

GA: 
Khoitao: 
Sequences: 23,29,2,3,4,5,22,6,8,11,25,1,12,0,14,15,16,17,10,28,18,7,26,21,24,19,20,27,9,13, Break points: 16,21,
Best: 
Sequences: 9,28,4,8,14,19,24,27,23,22,18,17,12,3,7,13,2,26,0,11,15,10,5,1,29,6,16,25,21,20, Break points: 10,19,Best: 2534.327767725931
Tre: 608.9952845596723

==================================================================================================================================================================================================================================================================================================================================================================================

W: 1000, H: 1000, soSS: 200, bk: 87.7
soPP: 25, soMSink: 3
PSO: 
Khoi tao: 
336.0 348.0 724.0 383.0 868.0 694.0 152.0 208.0 726.0 550.0 223.0 946.0 352.0 130.0 404.0 336.0 839.0 813.0 489.0 558.0 321.0 457.0 241.0 991.0 108.0 500.0 876.0 334.0 842.0 286.0 695.0 703.0 867.0 724.0 894.0 55.0 977.0 927.0 596.0 829.0 325.0 965.0 291.0 523.0 455.0 497.0 123.0 266.0 337.0 613.0 
Trung: 24.0  Bao phu: 91.0  MaxSS: 200
Gbest: 
144.5 205.5 147.5 322.5 131.5 479.5 158.5 639.5 129.5 827.5 348.5 128.5 350.5 351.5 365.5 470.5 328.5 641.5 308.5 838.5 494.5 163.5 490.5 310.5 507.5 477.5 494.5 665.5 513.5 831.5 700.5 193.5 638.5 365.5 638.5 457.5 694.5 648.5 628.5 846.5 837.5 155.5 800.5 346.5 800.5 520.5 845.5 647.5 804.5 853.5 
Trung: 4  Bao phu: 106  MaxSS: 200
Tong NL: 5.225810669275E-4
Life round: 128.0

GA: 
Khoitao: 
Sequences: 19,1,21,17,0,3,6,7,8,13,22,11,14,5,4,15,16,12,18,9,24,10,20,23,2, Break points: 10,14,
Best: 
Sequences: 16,0,1,2,3,4,9,14,17,13,12,11,10,5,6,7,8,18,22,23,24,19,15,20,21, Break points: 8,17,Best: 2017.3954859102437
Tre: 480.17042623979285

==================================================================================================================================================================================================================================================================================================================================================================================

W: 1000, H: 1000, soSS: 200, bk: 87.7
soPP: 25, soMSink: 3
PSO: 
Khoi tao: 
892.0 495.0 782.0 472.0 785.0 280.0 102.0 654.0 797.0 853.0 733.0 383.0 799.0 365.0 549.0 762.0 715.0 172.0 41.0 652.0 216.0 601.0 258.0 578.0 682.0 254.0 536.0 160.0 839.0 872.0 65.0 127.0 671.0 852.0 135.0 702.0 780.0 117.0 113.0 180.0 572.0 508.0 74.0 661.0 775.0 587.0 141.0 36.0 958.0 718.0 
Trung: 24.0  Bao phu: 78.0  MaxSS: 200
Gbest: 
188.5 195.5 202.5 329.5 149.5 489.5 160.5 685.5 150.5 803.5 323.5 174.5 296.5 344.5 352.5 531.5 355.5 625.5 305.5 801.5 533.5 144.5 464.5 370.5 512.5 506.5 486.5 668.5 476.5 808.5 640.5 185.5 627.5 328.5 670.5 487.5 640.5 640.5 683.5 848.5 820.5 174.5 844.5 330.5 853.5 528.5 822.5 643.5 845.5 862.5 
Trung: 2  Bao phu: 110  MaxSS: 200
Tong NL: 5.494668199425002E-4
Life round: 101.0

GA: 
Khoitao: 
Sequences: 5,24,2,4,3,20,16,7,14,9,10,11,19,13,6,15,8,1,17,18,21,23,22,0,12, Break points: 22,23,
Best: 
Sequences: 6,1,7,8,13,19,23,21,10,5,0,2,3,4,9,12,11,15,20,16,17,18,14,24,22, Break points: 8,17,Best: 2093.42946878107
Tre: 498.68589375621406

==================================================================================================================================================================================================================================================================================================================================================================================

W: 1000, H: 1000, soSS: 200, bk: 87.7
soPP: 25, soMSink: 3
PSO: 
Khoi tao: 
766.0 198.0 428.0 271.0 843.0 237.0 291.0 557.0 683.0 802.0 979.0 478.0 367.0 303.0 945.0 813.0 456.0 570.0 893.0 279.0 885.0 974.0 95.0 14.0 434.0 354.0 511.0 123.0 472.0 755.0 812.0 400.0 170.0 47.0 589.0 362.0 499.0 4.0 412.0 91.0 801.0 813.0 800.0 378.0 980.0 301.0 353.0 482.0 985.0 361.0 
Trung: 27.0  Bao phu: 97.0  MaxSS: 200
Gbest: 
167.5 181.5 182.5 343.5 136.5 473.5 184.5 663.5 175.5 848.5 292.5 137.5 355.5 321.5 308.5 511.5 322.5 640.5 372.5 797.5 529.5 156.5 481.5 292.5 506.5 486.5 479.5 667.5 480.5 826.5 662.5 128.5 688.5 372.5 626.5 474.5 663.5 700.5 659.5 825.5 847.5 175.5 834.5 325.5 829.5 465.5 820.5 666.5 843.5 813.5 
Trung: 5  Bao phu: 115  MaxSS: 200
Tong NL: 5.6099210731625E-4
Life round: 143.0

GA: 
Khoitao: 
Sequences: 6,15,2,3,1,4,24,7,8,5,17,11,12,13,10,18,16,0,23,19,20,14,22,9,21, Break points: 20,21,
Best: 
Sequences: 19,24,23,21,11,1,2,7,13,17,16,15,20,22,18,14,12,9,4,3,8,6,5,0,10, Break points: 8,16,Best: 2208.6262840412182
Tre: 531.7252568082437

==================================================================================================================================================================================================================================================================================================================================================================================

W: 1000, H: 1000, soSS: 200, bk: 87.7
soPP: 25, soMSink: 3
PSO: 
Khoi tao: 
415.0 887.0 352.0 824.0 497.0 905.0 965.0 497.0 646.0 64.0 9.0 563.0 811.0 250.0 649.0 967.0 53.0 166.0 966.0 717.0 186.0 898.0 564.0 60.0 680.0 843.0 297.0 532.0 239.0 622.0 474.0 137.0 376.0 286.0 600.0 643.0 872.0 632.0 674.0 131.0 88.0 356.0 738.0 208.0 286.0 987.0 464.0 634.0 107.0 285.0 
Trung: 16.0  Bao phu: 78.0  MaxSS: 200
Gbest: 
202.5 181.5 129.5 324.5 162.5 495.5 143.5 654.5 183.5 816.5 318.5 143.5 342.5 346.5 318.5 516.5 297.5 642.5 348.5 854.5 506.5 201.5 508.5 323.5 493.5 507.5 537.5 668.5 485.5 857.5 699.5 149.5 666.5 320.5 704.5 518.5 685.5 665.5 653.5 845.5 851.5 143.5 793.5 297.5 841.5 473.5 865.5 661.5 849.5 870.5 
Trung: 2  Bao phu: 112  MaxSS: 200
Tong NL: 5.069717299679999E-4
Life round: 106.0

GA: 
Khoitao: 
Sequences: 10,15,2,3,8,14,13,7,4,9,21,20,12,19,6,11,16,17,18,1,5,0,22,23,24, Break points: 12,23,
Best: 
Sequences: 16,10,5,0,1,2,8,14,13,11,6,7,3,4,9,19,24,12,17,18,22,23,15,20,21, Break points: 9,17,Best: 2094.086412332992
Tre: 508.8172824665984

==================================================================================================================================================================================================================================================================================================================================================================================

W: 1000, H: 1000, soSS: 200, bk: 87.7
soPP: 25, soMSink: 3
PSO: 
Khoi tao: 
16.0 563.0 270.0 667.0 601.0 571.0 891.0 876.0 109.0 110.0 952.0 65.0 256.0 445.0 229.0 944.0 453.0 10.0 509.0 274.0 383.0 935.0 755.0 127.0 695.0 794.0 944.0 69.0 348.0 952.0 929.0 276.0 695.0 316.0 600.0 415.0 343.0 425.0 819.0 177.0 156.0 102.0 170.0 617.0 941.0 823.0 948.0 68.0 113.0 745.0 
Trung: 22.0  Bao phu: 90.0  MaxSS: 200
Gbest: 
149.5 133.5 192.5 290.5 152.5 467.5 181.5 700.5 127.5 844.5 372.5 175.5 347.5 317.5 321.5 483.5 326.5 642.5 309.5 851.5 475.5 173.5 512.5 314.5 490.5 484.5 508.5 645.5 479.5 853.5 631.5 158.5 703.5 311.5 626.5 494.5 643.5 687.5 670.5 860.5 864.5 169.5 791.5 303.5 827.5 513.5 791.5 652.5 834.5 804.5 
Trung: 4  Bao phu: 112  MaxSS: 200
Tong NL: 5.050151426280001E-4
Life round: 114.0

GA: 
Khoitao: 
Sequences: 20,1,3,8,14,5,24,19,15,9,10,11,17,0,6,12,4,7,18,13,16,21,22,23,2, Break points: 18,19,
Best: 
Sequences: 10,11,8,13,9,4,3,2,0,5,6,1,12,7,22,21,15,20,16,17,18,23,24,19,14, Break points: 9,16,Best: 2226.1211108253156
Tre: 535.2242221650631

==================================================================================================================================================================================================================================================================================================================================================================================

W: 1000, H: 1000, soSS: 200, bk: 87.7
soPP: 25, soMSink: 3
PSO: 
Khoi tao: 
363.0 62.0 761.0 457.0 414.0 200.0 533.0 234.0 359.0 365.0 199.0 488.0 221.0 666.0 322.0 123.0 44.0 162.0 139.0 378.0 548.0 591.0 796.0 822.0 812.0 554.0 148.0 787.0 102.0 102.0 921.0 745.0 21.0 207.0 962.0 529.0 467.0 360.0 617.0 727.0 274.0 86.0 545.0 798.0 231.0 468.0 477.0 551.0 53.0 337.0 
Trung: 20.0  Bao phu: 91.0  MaxSS: 200
Gbest: 
144.5 204.5 167.5 314.5 194.5 536.5 134.5 687.5 172.5 848.5 295.5 173.5 350.5 362.5 371.5 501.5 358.5 694.5 331.5 815.5 466.5 154.5 493.5 360.5 535.5 526.5 502.5 697.5 509.5 852.5 684.5 182.5 640.5 367.5 623.5 480.5 633.5 638.5 673.5 820.5 790.5 153.5 858.5 358.5 838.5 535.5 841.5 680.5 822.5 858.5 
Trung: 3  Bao phu: 104  MaxSS: 200
Tong NL: 5.230017957000001E-4
Life round: 130.0

GA: 
Khoitao: 
Sequences: 17,21,18,2,4,22,11,0,23,8,10,12,6,13,14,15,16,24,1,19,20,5,7,9,3, Break points: 3,8,
Best: 
Sequences: 17,16,11,10,18,2,7,13,23,22,21,20,15,5,0,12,6,1,3,4,9,8,14,19,24, Break points: 7,15,Best: 2240.930202385467
Tre: 548.1860404770935

==================================================================================================================================================================================================================================================================================================================================================================================

W: 1000, H: 1000, soSS: 200, bk: 87.7
soPP: 25, soMSink: 3
PSO: 
Khoi tao: 
851.0 607.0 660.0 814.0 189.0 197.0 327.0 273.0 271.0 896.0 338.0 827.0 760.0 429.0 127.0 173.0 651.0 581.0 619.0 960.0 914.0 297.0 140.0 20.0 58.0 912.0 402.0 301.0 489.0 760.0 628.0 755.0 897.0 187.0 170.0 11.0 84.0 681.0 980.0 91.0 171.0 966.0 604.0 206.0 463.0 123.0 904.0 389.0 133.0 993.0 
Trung: 19.0  Bao phu: 78.0  MaxSS: 200
Gbest: 
159.5 200.5 196.5 334.5 194.5 456.5 142.5 653.5 131.5 832.5 294.5 133.5 325.5 312.5 315.5 515.5 308.5 646.5 321.5 810.5 492.5 124.5 502.5 313.5 503.5 505.5 527.5 625.5 498.5 799.5 672.5 136.5 689.5 331.5 632.5 484.5 704.5 696.5 683.5 847.5 803.5 146.5 837.5 327.5 870.5 528.5 862.5 669.5 801.5 829.5 
Trung: 4  Bao phu: 107  MaxSS: 200
Tong NL: 5.5520221883225E-4
Life round: 118.0

GA: 
Khoitao: 
Sequences: 14,15,1,3,4,5,8,2,10,7,0,11,12,17,6,13,16,9,22,19,20,21,18,23,24, Break points: 23,24,
Best: 
Sequences: 5,0,1,2,3,6,10,15,11,12,17,20,16,21,22,23,13,18,24,19,4,8,7,9,14, Break points: 8,16,Best: 2063.6407912426334
Tre: 502.7281582485267

==================================================================================================================================================================================================================================================================================================================================================================================

W: 1000, H: 1000, soSS: 200, bk: 87.7
soPP: 25, soMSink: 3
PSO: 
Khoi tao: 
655.0 302.0 917.0 322.0 930.0 529.0 870.0 637.0 323.0 958.0 245.0 479.0 652.0 429.0 157.0 258.0 257.0 286.0 926.0 551.0 734.0 153.0 42.0 255.0 316.0 934.0 507.0 486.0 664.0 579.0 705.0 833.0 458.0 556.0 666.0 150.0 741.0 180.0 642.0 305.0 908.0 364.0 432.0 902.0 698.0 999.0 138.0 588.0 114.0 882.0 
Trung: 30.0  Bao phu: 77.0  MaxSS: 200
Gbest: 
191.5 125.5 179.5 293.5 124.5 515.5 153.5 637.5 165.5 803.5 359.5 149.5 371.5 302.5 308.5 495.5 305.5 634.5 343.5 851.5 504.5 185.5 458.5 326.5 502.5 460.5 515.5 650.5 470.5 856.5 629.5 162.5 658.5 292.5 679.5 500.5 631.5 625.5 658.5 845.5 865.5 127.5 860.5 317.5 854.5 491.5 821.5 669.5 842.5 804.5 
Trung: 5  Bao phu: 119  MaxSS: 200
Tong NL: 4.6759668387725016E-4
Life round: 122.0

GA: 
Khoitao: 
Sequences: 14,5,2,3,1,22,6,9,15,16,10,11,12,13,0,7,20,8,23,18,19,21,4,17,24, Break points: 17,22,
Best: 
Sequences: 8,3,2,7,1,0,5,6,13,12,11,10,15,16,20,21,22,23,17,18,4,9,14,19,24, Break points: 8,17,Best: 1856.5973926258293
Tre: 451.3194785251659

==================================================================================================================================================================================================================================================================================================================================================================================

W: 1000, H: 1000, soSS: 200, bk: 87.7
soPP: 25, soMSink: 3
PSO: 
Khoi tao: 
170.0 1.0 316.0 409.0 911.0 104.0 204.0 317.0 486.0 702.0 438.0 464.0 785.0 397.0 910.0 979.0 529.0 97.0 203.0 113.0 783.0 227.0 795.0 188.0 753.0 527.0 206.0 661.0 678.0 989.0 839.0 910.0 390.0 749.0 103.0 41.0 452.0 718.0 534.0 806.0 235.0 828.0 345.0 498.0 387.0 589.0 848.0 287.0 243.0 347.0 
Trung: 23.0  Bao phu: 82.0  MaxSS: 200
Gbest: 
149.5 142.5 182.5 353.5 173.5 527.5 156.5 622.5 156.5 832.5 293.5 203.5 338.5 330.5 326.5 496.5 351.5 628.5 311.5 795.5 487.5 177.5 465.5 367.5 510.5 508.5 511.5 690.5 513.5 846.5 681.5 196.5 659.5 323.5 634.5 470.5 683.5 672.5 673.5 815.5 854.5 159.5 798.5 372.5 848.5 533.5 851.5 646.5 842.5 814.5 
Trung: 4  Bao phu: 107  MaxSS: 200
Tong NL: 5.484234602322499E-4
Life round: 144.0

GA: 
Khoitao: 
Sequences: 22,17,13,3,21,5,6,1,18,9,10,11,12,4,23,15,0,16,19,7,20,8,2,14,24, Break points: 22,23,
Best: 
Sequences: 2,1,0,5,10,20,12,7,13,19,14,8,9,4,3,6,11,17,18,24,23,22,21,16,15, Break points: 7,15,Best: 1958.8535963543245
Tre: 469.1235417757462

==================================================================================================================================================================================================================================================================================================================================================================================

W: 1000, H: 1000, soSS: 200, bk: 87.7
soPP: 25, soMSink: 3
PSO: 
Khoi tao: 
283.0 281.0 39.0 752.0 549.0 30.0 222.0 544.0 865.0 782.0 564.0 355.0 222.0 496.0 285.0 951.0 392.0 705.0 978.0 6.0 534.0 152.0 465.0 559.0 351.0 582.0 42.0 323.0 458.0 871.0 58.0 105.0 91.0 62.0 422.0 83.0 565.0 734.0 812.0 40.0 911.0 194.0 823.0 445.0 231.0 160.0 376.0 552.0 627.0 614.0 
Trung: 14.0  Bao phu: 96.0  MaxSS: 200
Gbest: 
156.5 192.5 178.5 344.5 191.5 464.5 164.5 624.5 191.5 854.5 325.5 184.5 364.5 341.5 317.5 502.5 328.5 656.5 308.5 807.5 524.5 135.5 521.5 330.5 507.5 473.5 474.5 679.5 478.5 817.5 668.5 193.5 670.5 320.5 659.5 513.5 700.5 674.5 650.5 806.5 788.5 155.5 854.5 315.5 867.5 508.5 795.5 625.5 844.5 854.5 
Trung: 4  Bao phu: 112  MaxSS: 200
Tong NL: 5.638208293680001E-4
Life round: 144.0

GA: 
Khoitao: 
Sequences: 15,1,12,3,4,20,6,2,9,0,8,11,13,18,14,23,16,17,10,19,5,21,22,7,24, Break points: 21,22,
Best: 
Sequences: 11,1,2,7,3,4,9,14,13,17,12,8,19,24,18,23,22,21,16,6,0,5,10,15,20, Break points: 9,17,Best: 1935.056231585284
Tre: 472.8719057723232

==================================================================================================================================================================================================================================================================================================================================================================================

W: 1000, H: 1000, soSS: 200, bk: 87.7
soPP: 25, soMSink: 3
PSO: 
Khoi tao: 
571.0 393.0 278.0 552.0 112.0 702.0 68.0 999.0 700.0 629.0 193.0 320.0 924.0 533.0 649.0 234.0 511.0 40.0 409.0 772.0 692.0 858.0 566.0 333.0 473.0 728.0 701.0 890.0 46.0 130.0 243.0 542.0 391.0 467.0 322.0 558.0 233.0 329.0 231.0 499.0 395.0 727.0 560.0 904.0 140.0 841.0 558.0 785.0 266.0 216.0 
Trung: 27.0  Bao phu: 83.0  MaxSS: 200
Gbest: 
176.5 156.5 193.5 324.5 158.5 506.5 134.5 637.5 164.5 842.5 323.5 184.5 349.5 358.5 362.5 474.5 343.5 689.5 298.5 867.5 504.5 134.5 465.5 293.5 494.5 510.5 468.5 702.5 478.5 800.5 684.5 181.5 695.5 357.5 635.5 515.5 675.5 635.5 672.5 859.5 826.5 126.5 838.5 300.5 837.5 473.5 856.5 632.5 852.5 862.5 
Trung: 4  Bao phu: 108  MaxSS: 200
Tong NL: 4.518251745129999E-4
Life round: 209.0

GA: 
Khoitao: 
Sequences: 5,12,0,23,4,20,6,10,15,9,2,7,3,13,14,8,16,11,18,19,1,21,17,22,24, Break points: 3,6,
Best: 
Sequences: 10,5,0,1,2,8,4,3,7,16,15,17,18,11,6,12,23,24,19,14,9,13,22,20,21, Break points: 9,16,Best: 2330.1638200520197
Tre: 556.032764010404

==================================================================================================================================================================================================================================================================================================================================================================================

W: 1000, H: 1000, soSS: 200, bk: 87.7
soPP: 25, soMSink: 3
PSO: 
Khoi tao: 
117.0 95.0 352.0 939.0 109.0 526.0 418.0 127.0 899.0 174.0 957.0 749.0 29.0 872.0 275.0 932.0 147.0 719.0 760.0 182.0 813.0 0.0 887.0 504.0 93.0 351.0 201.0 708.0 346.0 964.0 863.0 374.0 502.0 84.0 934.0 496.0 336.0 780.0 113.0 455.0 870.0 250.0 221.0 252.0 489.0 540.0 161.0 326.0 809.0 778.0 
Trung: 25.0  Bao phu: 88.0  MaxSS: 200
Gbest: 
150.5 163.5 157.5 333.5 131.5 534.5 133.5 665.5 128.5 855.5 337.5 142.5 293.5 343.5 346.5 496.5 293.5 633.5 294.5 803.5 511.5 136.5 478.5 348.5 525.5 530.5 457.5 683.5 519.5 805.5 701.5 145.5 668.5 299.5 644.5 510.5 622.5 664.5 647.5 847.5 840.5 204.5 838.5 360.5 811.5 475.5 807.5 697.5 803.5 834.5 
Trung: 3  Bao phu: 109  MaxSS: 200
Tong NL: 5.363719050617504E-4
Life round: 130.0

GA: 
Khoitao: 
Sequences: 6,3,4,22,11,1,5,7,8,0,2,10,12,9,14,13,19,17,16,18,23,21,20,15,24, Break points: 18,22,
Best: 
Sequences: 3,2,1,0,10,5,6,9,4,8,7,16,15,20,21,12,13,14,19,11,22,17,24,23,18, Break points: 7,16,Best: 2177.410687352941
Tre: 525.4821374705882

==================================================================================================================================================================================================================================================================================================================================================================================

W: 1000, H: 1000, soSS: 200, bk: 87.7
soPP: 25, soMSink: 3
PSO: 
Khoi tao: 
90.0 754.0 415.0 406.0 215.0 811.0 551.0 884.0 656.0 425.0 472.0 38.0 807.0 288.0 62.0 675.0 372.0 912.0 497.0 800.0 990.0 822.0 711.0 473.0 470.0 939.0 331.0 290.0 195.0 615.0 302.0 93.0 990.0 671.0 991.0 542.0 571.0 378.0 967.0 608.0 865.0 893.0 640.0 151.0 164.0 80.0 253.0 781.0 949.0 376.0 
Trung: 22.0  Bao phu: 96.0  MaxSS: 200
Gbest: 
144.5 198.5 135.5 346.5 136.5 502.5 184.5 676.5 150.5 865.5 291.5 146.5 320.5 336.5 328.5 521.5 331.5 646.5 333.5 861.5 498.5 192.5 520.5 302.5 506.5 482.5 492.5 671.5 469.5 868.5 657.5 199.5 683.5 335.5 683.5 510.5 660.5 631.5 629.5 814.5 841.5 175.5 803.5 295.5 803.5 483.5 805.5 628.5 805.5 823.5 
Trung: 3  Bao phu: 102  MaxSS: 200
Tong NL: 5.883392000305001E-4
Life round: 114.0

GA: 
Khoitao: 
Sequences: 6,10,14,3,20,5,13,9,24,1,8,2,17,11,0,15,7,12,18,19,22,21,16,23,4, Break points: 13,18,
Best: 
Sequences: 17,22,13,9,14,19,24,23,18,1,2,7,8,3,4,12,15,10,5,0,6,11,16,20,21, Break points: 8,15,Best: 2150.5931824107365
Tre: 528.4853956245158

==================================================================================================================================================================================================================================================================================================================================================================================

W: 1000, H: 1000, soSS: 200, bk: 87.7
soPP: 25, soMSink: 3
PSO: 
Khoi tao: 
779.0 661.0 952.0 594.0 114.0 204.0 95.0 771.0 477.0 525.0 652.0 490.0 351.0 340.0 4.0 142.0 360.0 864.0 803.0 37.0 800.0 371.0 253.0 980.0 277.0 12.0 400.0 535.0 94.0 850.0 881.0 938.0 579.0 656.0 459.0 410.0 301.0 167.0 680.0 602.0 756.0 668.0 2.0 49.0 856.0 236.0 572.0 327.0 360.0 231.0 
Trung: 29.0  Bao phu: 96.0  MaxSS: 200
Gbest: 
172.5 193.5 188.5 337.5 187.5 484.5 206.5 635.5 128.5 869.5 307.5 136.5 298.5 362.5 355.5 527.5 357.5 667.5 362.5 820.5 507.5 148.5 500.5 364.5 504.5 520.5 502.5 672.5 534.5 799.5 630.5 155.5 686.5 295.5 680.5 536.5 648.5 656.5 660.5 867.5 837.5 163.5 857.5 340.5 869.5 534.5 826.5 653.5 839.5 830.5 
Trung: 2  Bao phu: 110  MaxSS: 200
Tong NL: 5.285511146565002E-4
Life round: 122.0

GA: 
Khoitao: 
Sequences: 4,1,5,10,9,13,22,2,8,16,17,11,7,19,14,24,20,3,18,21,12,6,15,23,0, Break points: 17,20,
Best: 
Sequences: 18,19,23,22,21,20,15,17,12,13,14,24,9,8,4,3,7,6,5,0,1,2,11,10,16, Break points: 8,16,Best: 2104.9473632974928
Tre: 500.9894726594986

==================================================================================================================================================================================================================================================================================================================================================================================

W: 1000, H: 1000, soSS: 200, bk: 87.7
soPP: 25, soMSink: 3
PSO: 
Khoi tao: 
414.0 174.0 868.0 160.0 322.0 720.0 941.0 183.0 594.0 589.0 621.0 107.0 96.0 18.0 735.0 597.0 900.0 795.0 444.0 960.0 328.0 889.0 155.0 866.0 600.0 812.0 930.0 8.0 409.0 275.0 255.0 634.0 535.0 198.0 480.0 600.0 995.0 373.0 265.0 433.0 528.0 861.0 514.0 293.0 695.0 814.0 876.0 356.0 101.0 805.0 
Trung: 20.0  Bao phu: 105.0  MaxSS: 200
Gbest: 
131.5 162.5 131.5 332.5 152.5 472.5 163.5 653.5 144.5 793.5 332.5 174.5 332.5 310.5 299.5 538.5 357.5 635.5 362.5 841.5 507.5 149.5 506.5 354.5 477.5 527.5 527.5 643.5 516.5 863.5 659.5 171.5 664.5 366.5 647.5 536.5 676.5 695.5 631.5 822.5 828.5 175.5 832.5 326.5 826.5 459.5 846.5 636.5 806.5 807.5 
Trung: 5  Bao phu: 114  MaxSS: 200
Tong NL: 5.400999427014998E-4
Life round: 92.0

GA: 
Khoitao: 
Sequences: 24,1,4,5,22,11,6,16,7,9,3,13,12,15,14,0,2,17,10,20,8,21,19,23,18, Break points: 22,23,
Best: 
Sequences: 7,2,1,0,5,6,20,16,12,3,4,9,14,8,13,17,18,19,24,23,15,10,11,21,22, Break points: 8,16,Best: 2085.7443807684813
Tre: 507.1488761536963

==================================================================================================================================================================================================================================================================================================================================================================================

W: 1000, H: 1000, soSS: 200, bk: 87.7
soPP: 25, soMSink: 3
PSO: 
Khoi tao: 
396.0 582.0 684.0 942.0 206.0 624.0 772.0 916.0 341.0 610.0 703.0 30.0 78.0 712.0 601.0 439.0 635.0 215.0 124.0 402.0 473.0 731.0 392.0 22.0 899.0 674.0 634.0 456.0 348.0 914.0 414.0 222.0 704.0 664.0 40.0 761.0 93.0 964.0 660.0 826.0 137.0 753.0 81.0 221.0 686.0 166.0 182.0 955.0 155.0 313.0 
Trung: 21.0  Bao phu: 76.0  MaxSS: 200
Gbest: 
173.5 188.5 159.5 341.5 154.5 458.5 152.5 674.5 201.5 813.5 314.5 141.5 306.5 336.5 370.5 471.5 316.5 637.5 356.5 796.5 512.5 173.5 502.5 296.5 508.5 468.5 534.5 641.5 505.5 845.5 645.5 130.5 660.5 342.5 684.5 513.5 644.5 664.5 685.5 835.5 839.5 140.5 870.5 326.5 823.5 514.5 810.5 704.5 858.5 865.5 
Trung: 3  Bao phu: 122  MaxSS: 200
Tong NL: 4.7769235054750004E-4
Life round: 130.0

GA: 
Khoitao: 
Sequences: 23,1,2,3,16,5,6,22,17,0,18,11,10,8,21,15,7,20,14,19,13,12,9,4,24, Break points: 7,13,
Best: 
Sequences: 12,1,5,0,11,10,7,8,3,4,2,6,16,17,18,19,14,9,13,15,20,21,22,23,24, Break points: 7,16,Best: 2204.417083039802
Tre: 530.8834166079604

==================================================================================================================================================================================================================================================================================================================================================================================

W: 1000, H: 1000, soSS: 200, bk: 87.7
soPP: 25, soMSink: 3
PSO: 
Khoi tao: 
868.0 100.0 29.0 718.0 96.0 187.0 984.0 296.0 767.0 584.0 945.0 414.0 969.0 15.0 996.0 767.0 922.0 350.0 730.0 841.0 157.0 500.0 402.0 173.0 678.0 140.0 840.0 224.0 959.0 161.0 36.0 443.0 346.0 281.0 975.0 779.0 601.0 919.0 435.0 661.0 913.0 480.0 26.0 90.0 620.0 47.0 927.0 555.0 663.0 959.0 
Trung: 26.0  Bao phu: 86.0  MaxSS: 200
Gbest: 
181.5 179.5 139.5 327.5 125.5 465.5 174.5 642.5 170.5 862.5 305.5 140.5 347.5 317.5 359.5 489.5 320.5 658.5 332.5 858.5 521.5 169.5 517.5 320.5 486.5 482.5 509.5 650.5 513.5 824.5 663.5 181.5 695.5 364.5 686.5 511.5 655.5 652.5 637.5 835.5 848.5 178.5 831.5 296.5 822.5 458.5 811.5 682.5 839.5 838.5 
Trung: 3  Bao phu: 116  MaxSS: 200
Tong NL: 4.948362190809998E-4
Life round: 138.0

GA: 
Khoitao: 
Sequences: 14,1,6,3,4,5,21,15,8,7,9,11,13,2,22,0,19,17,12,10,20,16,18,23,24, Break points: 14,18,
Best: 
Sequences: 6,16,22,20,21,15,10,5,0,1,2,3,4,9,8,11,17,18,12,7,13,14,19,24,23, Break points: 8,15,Best: 2111.74725448697
Tre: 522.349450897394

==================================================================================================================================================================================================================================================================================================================================================================================

W: 1000, H: 1000, soSS: 200, bk: 87.7
soPP: 25, soMSink: 3
PSO: 
Khoi tao: 
664.0 334.0 480.0 465.0 666.0 653.0 369.0 13.0 307.0 654.0 968.0 105.0 407.0 217.0 103.0 221.0 291.0 343.0 3.0 684.0 107.0 617.0 640.0 19.0 982.0 389.0 555.0 983.0 963.0 903.0 329.0 450.0 152.0 60.0 6.0 244.0 723.0 336.0 26.0 470.0 695.0 140.0 978.0 903.0 647.0 5.0 41.0 742.0 663.0 182.0 
Trung: 18.0  Bao phu: 85.0  MaxSS: 200
Gbest: 
139.5 205.5 171.5 328.5 134.5 538.5 178.5 628.5 152.5 816.5 362.5 154.5 310.5 299.5 355.5 528.5 306.5 658.5 360.5 826.5 479.5 192.5 517.5 323.5 487.5 505.5 495.5 644.5 468.5 845.5 629.5 169.5 686.5 347.5 634.5 512.5 666.5 661.5 656.5 864.5 836.5 166.5 820.5 324.5 863.5 510.5 839.5 694.5 823.5 822.5 
Trung: 4  Bao phu: 101  MaxSS: 200
Tong NL: 5.267219607737501E-4
Life round: 132.0

GA: 
Khoitao: 
Sequences: 19,1,16,20,4,10,5,13,8,0,9,11,15,22,14,3,23,17,18,12,7,21,2,6,24, Break points: 10,23,
Best: 
Sequences: 1,0,12,17,21,20,16,10,5,6,7,14,9,4,8,3,2,11,15,13,18,24,19,23,22, Break points: 8,17,Best: 2162.678837214992
Tre: 512.5357674429985

==================================================================================================================================================================================================================================================================================================================================================================================

W: 1000, H: 1000, soSS: 200, bk: 87.7
soPP: 25, soMSink: 3
PSO: 
Khoi tao: 
656.0 974.0 399.0 869.0 777.0 939.0 359.0 615.0 51.0 388.0 964.0 619.0 509.0 704.0 946.0 280.0 424.0 794.0 784.0 156.0 104.0 644.0 813.0 412.0 98.0 15.0 467.0 307.0 74.0 315.0 450.0 65.0 352.0 408.0 672.0 834.0 224.0 188.0 533.0 669.0 970.0 848.0 246.0 661.0 487.0 965.0 334.0 381.0 797.0 467.0 
Trung: 26.0  Bao phu: 88.0  MaxSS: 200
Gbest: 
196.5 153.5 183.5 314.5 133.5 483.5 154.5 703.5 174.5 823.5 359.5 168.5 339.5 320.5 301.5 525.5 364.5 637.5 358.5 829.5 475.5 136.5 525.5 370.5 526.5 524.5 538.5 628.5 523.5 866.5 691.5 166.5 702.5 331.5 626.5 526.5 695.5 686.5 661.5 840.5 823.5 190.5 809.5 333.5 836.5 473.5 844.5 672.5 867.5 802.5 
Trung: 4  Bao phu: 114  MaxSS: 200
Tong NL: 5.379118093714995E-4
Life round: 142.0

GA: 
Khoitao: 
Sequences: 6,1,4,5,13,15,10,7,8,9,2,11,12,3,19,14,16,24,23,20,22,21,18,17,0, Break points: 3,22,
Best: 
Sequences: 11,15,12,6,1,7,9,8,14,4,3,2,0,5,10,13,17,20,21,22,16,19,24,23,18, Break points: 7,15,Best: 2263.31208646135
Tre: 534.9769786354607

==================================================================================================================================================================================================================================================================================================================================================================================

